商品ID,商品名称,类目,SKU,成本价,销售价,库存数量,库存预警阈值,上架状态
1603476,数码家电-商品3476,数码家电,SKU-603476,196.77,310.01,284,34,上架
2971043,食品生鲜-商品1043,食品生鲜,SKU-971043,24.66,49.82,16,30,上架
598929,图书文创-商品8929,图书文创,SKU-598929,33.31,65.72,96,33,上架
1046201,数码家电-商品6201,数码家电,SKU-046201,431.39,811.38,77,15,上架
1606258,服饰鞋包-商品6258,服饰鞋包,SKU-606258,75.77,133.9,461,18,上架
4840649,家居日用-商品0649,家居日用,SKU-840649,17.64,31.78,201,30,上架
251391,图书文创-商品1391,图书文创,SKU-251391,37.57,59.34,111,34,上架
4075065,母婴玩具-商品5065,母婴玩具,SKU-075065,27.06,41.73,101,38,上架
1695628,家居日用-商品5628,家居日用,SKU-695628,53.42,86.23,279,19,上架
4691562,运动户外-商品1562,运动户外,SKU-691562,192.82,311.81,215,38,上架
2628557,服饰鞋包-商品8557,服饰鞋包,SKU-628557,58.79,102.18,1,19,上架
1993958,食品生鲜-商品3958,食品生鲜,SKU-993958,53.91,98.1,445,34,上架
4945859,图书文创-商品5859,图书文创,SKU-945859,15.8,33.32,64,34,上架
37314,美妆个护-商品7314,美妆个护,SKU-37314,45.28,91.91,269,34,上架
2794153,家居日用-商品4153,家居日用,SKU-794153,48.98,105.52,229,19,上架
4603878,服饰鞋包-商品3878,服饰鞋包,SKU-603878,59.63,95.43,280,39,上架
1415565,美妆个护-商品5565,美妆个护,SKU-415565,100.96,219.68,79,15,上架
3615676,图书文创-商品5676,图书文创,SKU-615676,29.35,46.19,324,26,上架
3557403,数码家电-商品7403,数码家电,SKU-557403,373.55,639.13,325,24,上架
4676019,运动户外-商品6019,运动户外,SKU-676019,110.54,238.48,496,17,上架
863731,服饰鞋包-商品3731,服饰鞋包,SKU-863731,80.96,169.71,311,17,上架
3201805,家居日用-商品1805,家居日用,SKU-201805,80.42,126.28,425,35,上架
3233904,运动户外-商品3904,运动户外,SKU-233904,55.59,123.26,228,23,上架
4685098,食品生鲜-商品5098,食品生鲜,SKU-685098,38.09,59.06,317,39,上架
3052455,家居日用-商品2455,家居日用,SKU-052455,91.95,148.82,367,23,上架
1713881,食品生鲜-商品3881,食品生鲜,SKU-713881,20.19,43.5,18,19,上架
1212679,美妆个护-商品2679,美妆个护,SKU-212679,140.87,261.01,193,38,上架
1660891,图书文创-商品0891,图书文创,SKU-660891,33.33,64.7,169,33,上架
1904046,美妆个护-商品4046,美妆个护,SKU-904046,64.14,139.37,112,33,上架
1227391,家居日用-商品7391,家居日用,SKU-227391,28.74,48.78,30,37,上架
376658,家居日用-商品6658,家居日用,SKU-376658,48.87,93.94,6,15,上架
1079003,服饰鞋包-商品9003,服饰鞋包,SKU-079003,26.65,52.14,21,36,上架
2212646,家居日用-商品2646,家居日用,SKU-212646,14.24,27.72,338,37,上架
2132850,服饰鞋包-商品2850,服饰鞋包,SKU-132850,84.92,177.74,114,25,上架
2736714,美妆个护-商品6714,美妆个护,SKU-736714,132.52,286.15,256,30,上架
4046577,服饰鞋包-商品6577,服饰鞋包,SKU-046577,55.9,123.21,346,23,上架
1265317,服饰鞋包-商品5317,服饰鞋包,SKU-265317,37.97,77.79,402,15,上架
3641558,服饰鞋包-商品1558,服饰鞋包,SKU-641558,45.32,95.93,168,31,上架
1562036,母婴玩具-商品2036,母婴玩具,SKU-562036,93.09,172.6,287,22,上架
2976687,母婴玩具-商品6687,母婴玩具,SKU-976687,56.46,93.65,85,22,上架
4151948,运动户外-商品1948,运动户外,SKU-151948,238.8,383.56,222,25,上架
1329654,图书文创-商品9654,图书文创,SKU-329654,42.75,67.73,131,32,上架
341797,数码家电-商品1797,数码家电,SKU-341797,306.67,501.19,444,26,上架
2149396,数码家电-商品9396,数码家电,SKU-149396,397.15,768.7,197,33,上架
2074546,数码家电-商品4546,数码家电,SKU-074546,365.89,578.12,238,19,上架
2494086,数码家电-商品4086,数码家电,SKU-494086,128.96,282.78,446,16,上架
2076192,数码家电-商品6192,数码家电,SKU-076192,395.35,762.61,400,23,上架
4309220,美妆个护-商品9220,美妆个护,SKU-309220,11.89,22.06,146,27,上架
1963003,服饰鞋包-商品3003,服饰鞋包,SKU-963003,30.1,51.73,120,18,上架
1048137,运动户外-商品8137,运动户外,SKU-048137,201.66,331.98,212,35,上架
784642,母婴玩具-商品4642,母婴玩具,SKU-784642,18.53,32.7,293,22,上架
551325,家居日用-商品1325,家居日用,SKU-551325,8.81,19.31,451,21,上架
4468878,图书文创-商品8878,图书文创,SKU-468878,27.9,45.98,205,37,上架
3192110,图书文创-商品2110,图书文创,SKU-192110,13.71,25.69,366,20,上架
3021166,母婴玩具-商品1166,母婴玩具,SKU-021166,20.0,41.2,169,33,上架
4583271,母婴玩具-商品3271,母婴玩具,SKU-583271,100.07,168.08,451,30,上架
3983569,食品生鲜-商品3569,食品生鲜,SKU-983569,16.6,27.0,446,38,上架
1788539,美妆个护-商品8539,美妆个护,SKU-788539,84.04,132.05,128,33,上架
3033982,家居日用-商品3982,家居日用,SKU-033982,49.9,76.82,270,34,上架
5008412,美妆个护-商品8412,美妆个护,SKU-008412,92.96,195.61,158,15,上架
4172922,美妆个护-商品2922,美妆个护,SKU-172922,92.86,188.34,8,25,上架
4263046,家居日用-商品3046,家居日用,SKU-263046,16.29,28.42,118,38,上架
2238186,母婴玩具-商品8186,母婴玩具,SKU-238186,30.88,56.38,263,37,上架
456858,运动户外-商品6858,运动户外,SKU-456858,52.81,83.48,5,33,上架
3973748,美妆个护-商品3748,美妆个护,SKU-973748,148.28,238.75,323,15,上架
1265691,美妆个护-商品5691,美妆个护,SKU-265691,104.0,201.81,441,15,上架
3015146,美妆个护-商品5146,美妆个护,SKU-015146,124.24,222.66,18,31,上架
1182441,家居日用-商品2441,家居日用,SKU-182441,22.93,44.09,288,35,上架
3506728,家居日用-商品6728,家居日用,SKU-506728,72.08,117.01,371,37,上架
4423176,服饰鞋包-商品3176,服饰鞋包,SKU-423176,53.2,87.94,240,36,上架
2441473,图书文创-商品1473,图书文创,SKU-441473,25.47,56.43,446,36,上架
3792151,图书文创-商品2151,图书文创,SKU-792151,7.65,12.95,236,34,上架
4419446,美妆个护-商品9446,美妆个护,SKU-419446,94.9,151.6,266,33,上架
980372,数码家电-商品0372,数码家电,SKU-980372,90.08,178.61,161,20,上架
509135,家居日用-商品9135,家居日用,SKU-509135,68.37,133.65,194,22,上架
756251,数码家电-商品6251,数码家电,SKU-756251,241.64,533.19,348,16,上架
4865852,图书文创-商品5852,图书文创,SKU-865852,30.0,53.7,453,16,上架
2621875,美妆个护-商品1875,美妆个护,SKU-621875,30.14,60.37,102,31,上架
3147746,母婴玩具-商品7746,母婴玩具,SKU-147746,113.76,175.21,295,22,上架
4302073,家居日用-商品2073,家居日用,SKU-302073,62.29,104.86,251,28,上架
2331391,运动户外-商品1391,运动户外,SKU-331391,119.83,249.23,7,31,上架
3935808,美妆个护-商品5808,美妆个护,SKU-935808,126.62,231.98,235,39,上架
2955350,运动户外-商品5350,运动户外,SKU-955350,217.89,388.59,334,24,上架
4736935,图书文创-商品6935,图书文创,SKU-736935,33.52,56.79,52,32,上架
3081621,美妆个护-商品1621,美妆个护,SKU-081621,115.13,239.98,342,19,上架
1853559,运动户外-商品3559,运动户外,SKU-853559,83.38,177.33,18,22,上架
3146083,数码家电-商品6083,数码家电,SKU-146083,439.43,854.33,75,18,上架
1844866,服饰鞋包-商品4866,服饰鞋包,SKU-844866,101.76,189.59,460,19,上架
4160755,母婴玩具-商品0755,母婴玩具,SKU-160755,55.93,123.24,30,28,上架
1497786,美妆个护-商品7786,美妆个护,SKU-497786,129.96,223.3,197,26,上架
4552528,家居日用-商品2528,家居日用,SKU-552528,67.21,120.96,5,19,上架
3325584,服饰鞋包-商品5584,服饰鞋包,SKU-325584,80.77,154.19,12,17,上架
2550654,运动户外-商品0654,运动户外,SKU-550654,48.65,88.0,362,21,上架
3745851,母婴玩具-商品5851,母婴玩具,SKU-745851,82.18,172.48,388,21,上架
480005,母婴玩具-商品0005,母婴玩具,SKU-480005,29.81,60.13,267,35,上架
4190024,母婴玩具-商品0024,母婴玩具,SKU-190024,81.39,170.62,216,16,上架
2418607,家居日用-商品8607,家居日用,SKU-418607,69.61,136.21,177,36,上架
1019124,家居日用-商品9124,家居日用,SKU-019124,10.65,18.22,336,37,上架
4098455,家居日用-商品8455,家居日用,SKU-098455,91.16,142.77,390,32,上架
2306360,美妆个护-商品6360,美妆个护,SKU-306360,126.9,238.23,19,24,上架
3147410,图书文创-商品7410,图书文创,SKU-147410,34.46,64.53,66,22,上架
1615503,美妆个护-商品5503,美妆个护,SKU-615503,157.7,286.03,328,29,上架
4546123,食品生鲜-商品6123,食品生鲜,SKU-546123,43.22,89.82,214,31,上架
2560951,美妆个护-商品0951,美妆个护,SKU-560951,37.42,66.67,432,15,上架
1994697,母婴玩具-商品4697,母婴玩具,SKU-994697,41.22,69.22,53,30,上架
4131397,数码家电-商品1397,数码家电,SKU-131397,135.46,209.16,312,37,上架
3903657,家居日用-商品3657,家居日用,SKU-903657,49.41,79.94,294,27,上架
1441548,食品生鲜-商品1548,食品生鲜,SKU-441548,20.03,41.79,68,30,上架
3397193,运动户外-商品7193,运动户外,SKU-397193,60.02,97.0,127,25,上架
4966291,数码家电-商品6291,数码家电,SKU-966291,340.14,536.83,169,35,上架
2744564,家居日用-商品4564,家居日用,SKU-744564,49.5,78.94,7,15,上架
1892478,数码家电-商品2478,数码家电,SKU-892478,303.45,544.09,207,15,上架
572713,家居日用-商品2713,家居日用,SKU-572713,27.28,49.72,270,15,上架
1324310,美妆个护-商品4310,美妆个护,SKU-324310,129.78,283.46,7,15,上架
1984229,美妆个护-商品4229,美妆个护,SKU-984229,100.07,202.93,438,22,上架
2780055,运动户外-商品0055,运动户外,SKU-780055,153.83,238.73,453,38,上架
3384545,家居日用-商品4545,家居日用,SKU-384545,59.78,101.19,14,36,上架
4378118,食品生鲜-商品8118,食品生鲜,SKU-378118,40.56,73.39,60,26,上架
3527523,数码家电-商品7523,数码家电,SKU-527523,356.69,728.93,20,35,上架
3445545,家居日用-商品5545,家居日用,SKU-445545,71.55,150.79,468,17,上架
1521404,数码家电-商品1404,数码家电,SKU-521404,369.89,683.03,21,29,上架
520142,数码家电-商品0142,数码家电,SKU-520142,281.5,444.53,103,15,上架
1835160,家居日用-商品5160,家居日用,SKU-835160,12.37,24.24,211,33,上架
4706669,美妆个护-商品6669,美妆个护,SKU-706669,147.16,257.96,55,32,上架
1952629,数码家电-商品2629,数码家电,SKU-952629,238.26,381.0,478,31,上架
4688200,数码家电-商品8200,数码家电,SKU-688200,506.45,856.05,92,27,上架
4208840,美妆个护-商品8840,美妆个护,SKU-208840,12.33,19.11,488,15,上架
3595771,运动户外-商品5771,运动户外,SKU-595771,73.24,119.85,59,35,上架
2384033,家居日用-商品4033,家居日用,SKU-384033,84.5,148.83,2,31,上架
459051,食品生鲜-商品9051,食品生鲜,SKU-459051,16.52,28.68,358,33,上架
5133563,服饰鞋包-商品3563,服饰鞋包,SKU-133563,42.59,84.28,392,15,上架
3501133,母婴玩具-商品1133,母婴玩具,SKU-501133,66.18,124.08,342,38,上架
1241252,母婴玩具-商品1252,母婴玩具,SKU-241252,34.28,70.77,441,23,上架
2719532,美妆个护-商品9532,美妆个护,SKU-719532,117.31,182.62,220,22,上架
2679327,美妆个护-商品9327,美妆个护,SKU-679327,153.34,279.01,0,23,上架
858775,数码家电-商品8775,数码家电,SKU-858775,109.38,202.87,352,21,上架
215575,数码家电-商品5575,数码家电,SKU-215575,470.94,898.45,134,27,上架
1982220,母婴玩具-商品2220,母婴玩具,SKU-982220,70.59,123.78,315,28,上架
629319,运动户外-商品9319,运动户外,SKU-629319,101.92,161.87,19,19,上架
968355,图书文创-商品8355,图书文创,SKU-968355,25.16,47.86,395,34,上架
1240593,食品生鲜-商品0593,食品生鲜,SKU-240593,56.12,89.52,130,26,上架
4471946,运动户外-商品1946,运动户外,SKU-471946,85.03,151.47,345,23,上架
663180,食品生鲜-商品3180,食品生鲜,SKU-663180,35.18,77.34,95,24,上架
1040073,家居日用-商品0073,家居日用,SKU-040073,80.99,132.07,180,23,上架
566509,母婴玩具-商品6509,母婴玩具,SKU-566509,47.56,94.34,149,21,上架
3265881,美妆个护-商品5881,美妆个护,SKU-265881,175.23,285.96,4,16,上架
5098105,美妆个护-商品8105,美妆个护,SKU-098105,32.55,71.52,181,22,上架
2751923,家居日用-商品1923,家居日用,SKU-751923,34.5,75.34,11,32,上架
4032367,运动户外-商品2367,运动户外,SKU-032367,211.25,398.08,21,31,上架
1381913,美妆个护-商品1913,美妆个护,SKU-381913,116.42,230.41,18,37,上架
1518231,美妆个护-商品8231,美妆个护,SKU-518231,98.43,207.09,387,26,上架
2992525,美妆个护-商品2525,美妆个护,SKU-992525,82.48,141.92,247,39,上架
1584628,美妆个护-商品4628,美妆个护,SKU-584628,38.61,66.48,51,34,上架
4126884,图书文创-商品6884,图书文创,SKU-126884,28.47,44.45,19,22,上架
3286960,母婴玩具-商品6960,母婴玩具,SKU-286960,12.29,25.51,268,15,上架
1358099,图书文创-商品8099,图书文创,SKU-358099,22.77,40.45,179,34,上架
1150186,家居日用-商品0186,家居日用,SKU-150186,74.51,126.4,429,22,上架
2402579,家居日用-商品2579,家居日用,SKU-402579,35.98,57.26,318,37,上架
3636634,数码家电-商品6634,数码家电,SKU-636634,195.57,301.87,91,18,上架
4151058,家居日用-商品1058,家居日用,SKU-151058,34.49,64.67,223,18,上架
2475604,家居日用-商品5604,家居日用,SKU-475604,56.12,97.92,5,15,上架
4414988,美妆个护-商品4988,美妆个护,SKU-414988,164.45,264.09,272,27,上架
2173868,母婴玩具-商品3868,母婴玩具,SKU-173868,80.7,166.67,494,37,上架
2806031,母婴玩具-商品6031,母婴玩具,SKU-806031,12.28,24.09,198,22,上架
5018627,家居日用-商品8627,家居日用,SKU-018627,32.24,56.22,147,18,上架
4161511,运动户外-商品1511,运动户外,SKU-161511,119.13,224.52,404,27,上架
1641665,家居日用-商品1665,家居日用,SKU-641665,23.04,45.44,262,38,上架
2317551,食品生鲜-商品7551,食品生鲜,SKU-317551,30.49,66.74,213,32,上架
1319902,数码家电-商品9902,数码家电,SKU-319902,166.31,355.37,393,24,上架
2953293,食品生鲜-商品3293,食品生鲜,SKU-953293,17.46,31.98,228,34,上架
1883901,美妆个护-商品3901,美妆个护,SKU-883901,75.41,120.89,422,22,上架
5111655,美妆个护-商品1655,美妆个护,SKU-111655,98.97,193.95,1,25,上架
671147,美妆个护-商品1147,美妆个护,SKU-671147,31.46,60.88,102,35,上架
3576585,数码家电-商品6585,数码家电,SKU-576585,158.83,325.73,458,27,上架
1030531,运动户外-商品0531,运动户外,SKU-030531,21.82,42.59,448,28,上架
3648472,运动户外-商品8472,运动户外,SKU-648472,100.92,189.46,13,16,上架
1009464,图书文创-商品9464,图书文创,SKU-009464,27.89,51.54,249,29,上架
923499,运动户外-商品3499,运动户外,SKU-923499,161.35,275.69,4,19,上架
5013880,美妆个护-商品3880,美妆个护,SKU-013880,58.1,117.03,120,27,上架
1097810,图书文创-商品7810,图书文创,SKU-097810,31.84,53.49,16,18,上架
309462,母婴玩具-商品9462,母婴玩具,SKU-309462,64.25,109.2,362,38,上架
2711007,运动户外-商品1007,运动户外,SKU-711007,204.77,383.25,82,36,上架
5002645,运动户外-商品2645,运动户外,SKU-002645,169.39,296.19,132,19,上架
4771138,数码家电-商品1138,数码家电,SKU-771138,508.39,842.39,153,34,上架
3712186,美妆个护-商品2186,美妆个护,SKU-712186,83.45,139.91,453,29,上架
4333553,服饰鞋包-商品3553,服饰鞋包,SKU-333553,44.36,95.49,473,21,上架
3781993,运动户外-商品1993,运动户外,SKU-781993,65.72,126.76,295,39,上架
1385053,运动户外-商品5053,运动户外,SKU-385053,223.62,346.89,243,16,上架
744819,数码家电-商品4819,数码家电,SKU-744819,181.73,303.67,432,32,上架
4684234,食品生鲜-商品4234,食品生鲜,SKU-684234,16.69,27.94,498,31,上架
2899675,美妆个护-商品9675,美妆个护,SKU-899675,96.13,205.22,188,22,上架
3101307,家居日用-商品1307,家居日用,SKU-101307,73.14,126.76,380,33,上架
1248691,数码家电-商品8691,数码家电,SKU-248691,382.17,611.24,198,15,上架
2659241,数码家电-商品9241,数码家电,SKU-659241,305.37,570.93,12,20,上架
1939639,数码家电-商品9639,数码家电,SKU-939639,296.58,558.72,490,39,上架
5003692,服饰鞋包-商品3692,服饰鞋包,SKU-003692,64.16,139.93,452,25,上架
1111582,食品生鲜-商品1582,食品生鲜,SKU-111582,52.65,95.25,460,39,上架
1023735,食品生鲜-商品3735,食品生鲜,SKU-023735,60.12,98.52,460,22,上架
1064105,数码家电-商品4105,数码家电,SKU-064105,412.21,653.34,92,34,上架
2430516,美妆个护-商品0516,美妆个护,SKU-430516,142.15,256.69,105,28,上架
4321890,食品生鲜-商品1890,食品生鲜,SKU-321890,23.0,43.52,256,19,上架
2218133,数码家电-商品8133,数码家电,SKU-218133,121.69,206.19,292,28,上架
388469,食品生鲜-商品8469,食品生鲜,SKU-388469,45.68,73.43,1,33,上架
2184704,母婴玩具-商品4704,母婴玩具,SKU-184704,17.48,27.97,94,21,上架
4737791,数码家电-商品7791,数码家电,SKU-737791,98.39,171.75,387,37,上架
4171975,运动户外-商品1975,运动户外,SKU-171975,105.11,230.05,79,21,上架
4236657,美妆个护-商品6657,美妆个护,SKU-236657,37.87,83.34,217,33,上架
2319141,图书文创-商品9141,图书文创,SKU-319141,7.98,12.87,112,17,上架
1753026,数码家电-商品3026,数码家电,SKU-753026,108.21,172.98,234,17,上架
235562,食品生鲜-商品5562,食品生鲜,SKU-235562,48.65,92.64,74,17,上架
139137,服饰鞋包-商品9137,服饰鞋包,SKU-139137,42.04,68.39,113,32,上架
27670,运动户外-商品7670,运动户外,SKU-27670,100.94,204.3,372,32,上架
3437459,服饰鞋包-商品7459,服饰鞋包,SKU-437459,24.42,48.53,10,18,上架
3223820,服饰鞋包-商品3820,服饰鞋包,SKU-223820,41.89,88.41,260,35,上架
2897967,图书文创-商品7967,图书文创,SKU-897967,13.49,26.9,411,28,上架
4003092,母婴玩具-商品3092,母婴玩具,SKU-003092,96.83,183.59,348,29,上架
62008,服饰鞋包-商品2008,服饰鞋包,SKU-62008,76.47,148.69,83,34,上架
1160964,数码家电-商品0964,数码家电,SKU-160964,527.47,890.63,150,20,上架
4142765,数码家电-商品2765,数码家电,SKU-142765,228.44,466.46,51,31,上架
3815714,服饰鞋包-商品5714,服饰鞋包,SKU-815714,100.62,166.08,241,26,上架
3467192,运动户外-商品7192,运动户外,SKU-467192,97.8,203.65,194,37,上架
1968385,美妆个护-商品8385,美妆个护,SKU-968385,33.31,55.35,260,39,上架
1507627,美妆个护-商品7627,美妆个护,SKU-507627,63.72,129.04,286,17,上架
1798104,运动户外-商品8104,运动户外,SKU-798104,111.72,228.32,30,21,上架
1611535,运动户外-商品1535,运动户外,SKU-611535,69.59,154.43,21,21,上架
4378389,美妆个护-商品8389,美妆个护,SKU-378389,140.36,239.71,22,21,上架
2781598,图书文创-商品1598,图书文创,SKU-781598,13.85,22.44,15,37,上架
3085447,图书文创-商品5447,图书文创,SKU-085447,22.21,37.1,37,38,上架
3217399,数码家电-商品7399,数码家电,SKU-217399,314.35,591.99,440,25,上架
837560,数码家电-商品7560,数码家电,SKU-837560,222.11,372.22,98,24,上架
373734,数码家电-商品3734,数码家电,SKU-373734,83.72,132.28,5,27,上架
832785,母婴玩具-商品2785,母婴玩具,SKU-832785,56.17,106.32,244,39,上架
4088463,图书文创-商品8463,图书文创,SKU-088463,10.97,19.21,185,33,上架
3991727,食品生鲜-商品1727,食品生鲜,SKU-991727,9.72,17.05,133,30,上架
404297,图书文创-商品4297,图书文创,SKU-404297,11.59,18.63,267,29,上架
1934938,食品生鲜-商品4938,食品生鲜,SKU-934938,36.2,67.78,422,38,上架
3241094,家居日用-商品1094,家居日用,SKU-241094,21.91,44.85,18,18,上架
2621260,数码家电-商品1260,数码家电,SKU-621260,208.2,372.1,309,26,上架
1910706,数码家电-商品0706,数码家电,SKU-910706,194.99,356.73,299,16,上架
863811,数码家电-商品3811,数码家电,SKU-863811,497.75,783.39,311,38,上架
3947413,母婴玩具-商品7413,母婴玩具,SKU-947413,12.74,22.28,317,30,上架
4753136,美妆个护-商品3136,美妆个护,SKU-753136,173.01,280.29,57,23,上架
3233631,美妆个护-商品3631,美妆个护,SKU-233631,100.72,161.29,405,38,上架
1857072,母婴玩具-商品7072,母婴玩具,SKU-857072,85.25,176.3,238,37,上架
303755,食品生鲜-商品3755,食品生鲜,SKU-303755,16.75,33.2,355,36,上架
3916598,数码家电-商品6598,数码家电,SKU-916598,149.56,232.97,270,19,上架
3643674,图书文创-商品3674,图书文创,SKU-643674,6.5,13.7,52,27,上架
167362,数码家电-商品7362,数码家电,SKU-167362,426.96,835.43,30,36,上架
5129067,美妆个护-商品9067,美妆个护,SKU-129067,134.36,252.97,290,17,上架
1120968,食品生鲜-商品0968,食品生鲜,SKU-120968,4.66,9.26,196,17,上架
1388090,母婴玩具-商品8090,母婴玩具,SKU-388090,87.14,185.33,297,34,上架
3085401,美妆个护-商品5401,美妆个护,SKU-085401,21.07,44.94,431,37,上架
3716878,美妆个护-商品6878,美妆个护,SKU-716878,26.28,50.12,286,25,上架
3211011,美妆个护-商品1011,美妆个护,SKU-211011,165.01,268.85,245,20,上架
2675133,美妆个护-商品5133,美妆个护,SKU-675133,23.46,42.82,442,18,上架
2086401,美妆个护-商品6401,美妆个护,SKU-086401,109.91,230.72,310,36,上架
3350364,家居日用-商品0364,家居日用,SKU-350364,84.36,138.35,77,38,上架
3355175,母婴玩具-商品5175,母婴玩具,SKU-355175,109.62,192.33,306,28,上架
3891320,数码家电-商品1320,数码家电,SKU-891320,65.03,138.11,253,20,上架
2425522,图书文创-商品5522,图书文创,SKU-425522,17.96,38.26,370,32,上架
2426361,运动户外-商品6361,运动户外,SKU-426361,226.7,362.78,460,15,上架
1282204,服饰鞋包-商品2204,服饰鞋包,SKU-282204,63.42,140.69,313,26,上架
280390,家居日用-商品0390,家居日用,SKU-280390,38.78,65.38,275,34,上架
697256,食品生鲜-商品7256,食品生鲜,SKU-697256,42.56,65.67,447,37,上架
1242107,图书文创-商品2107,图书文创,SKU-242107,27.58,54.47,206,22,上架
387031,图书文创-商品7031,图书文创,SKU-387031,22.14,34.7,303,26,上架
253113,图书文创-商品3113,图书文创,SKU-253113,39.56,66.63,495,20,上架
228766,美妆个护-商品8766,美妆个护,SKU-228766,161.61,284.21,339,17,上架
4382786,运动户外-商品2786,运动户外,SKU-382786,51.08,106.41,404,32,上架
327684,数码家电-商品7684,数码家电,SKU-327684,203.9,364.24,1,28,上架
808592,家居日用-商品8592,家居日用,SKU-808592,55.19,110.9,358,25,上架
2981175,母婴玩具-商品1175,母婴玩具,SKU-981175,26.34,48.49,148,21,上架
642443,母婴玩具-商品2443,母婴玩具,SKU-642443,42.95,69.97,21,27,上架
2135175,母婴玩具-商品5175,母婴玩具,SKU-135175,22.71,36.12,38,29,上架
2577764,食品生鲜-商品7764,食品生鲜,SKU-577764,13.18,24.05,104,24,上架
4752224,数码家电-商品2224,数码家电,SKU-752224,60.36,121.96,349,32,上架
2712827,数码家电-商品2827,数码家电,SKU-712827,195.75,351.69,138,21,上架
3294376,数码家电-商品4376,数码家电,SKU-294376,163.88,317.94,116,36,上架
2929406,家居日用-商品9406,家居日用,SKU-929406,87.28,154.72,178,39,上架
843421,数码家电-商品3421,数码家电,SKU-843421,222.55,473.72,153,35,上架
371483,图书文创-商品1483,图书文创,SKU-371483,14.22,24.45,437,38,上架
1161410,美妆个护-商品1410,美妆个护,SKU-161410,44.16,95.7,259,25,上架
1766489,家居日用-商品6489,家居日用,SKU-766489,81.53,136.88,154,31,上架
1584458,美妆个护-商品4458,美妆个护,SKU-584458,40.23,70.28,409,31,上架
899111,运动户外-商品9111,运动户外,SKU-899111,152.5,265.88,117,16,上架
2753529,运动户外-商品3529,运动户外,SKU-753529,115.52,248.35,429,20,上架
4828228,服饰鞋包-商品8228,服饰鞋包,SKU-828228,70.0,136.69,147,25,上架
2727187,食品生鲜-商品7187,食品生鲜,SKU-727187,49.59,93.0,96,24,上架
934383,图书文创-商品4383,图书文创,SKU-934383,27.55,46.63,346,39,上架
3334782,图书文创-商品4782,图书文创,SKU-334782,32.91,54.95,327,17,上架
3673639,图书文创-商品3639,图书文创,SKU-673639,20.82,36.91,393,27,上架
3904698,图书文创-商品4698,图书文创,SKU-904698,18.67,30.94,4,23,上架
2037794,服饰鞋包-商品7794,服饰鞋包,SKU-037794,18.55,34.42,377,20,上架
1436096,服饰鞋包-商品6096,服饰鞋包,SKU-436096,35.54,76.17,143,31,上架
363706,数码家电-商品3706,数码家电,SKU-363706,122.8,251.8,0,37,上架
4879844,家居日用-商品9844,家居日用,SKU-879844,44.03,91.4,246,21,上架
4319337,母婴玩具-商品9337,母婴玩具,SKU-319337,57.6,127.45,319,28,上架
3997987,图书文创-商品7987,图书文创,SKU-997987,20.76,41.88,1,16,上架
4378276,服饰鞋包-商品8276,服饰鞋包,SKU-378276,20.76,38.15,4,30,上架
4893461,美妆个护-商品3461,美妆个护,SKU-893461,27.76,57.23,0,23,上架
2313092,美妆个护-商品3092,美妆个护,SKU-313092,77.17,138.16,34,39,上架
3513369,食品生鲜-商品3369,食品生鲜,SKU-513369,44.87,73.46,364,17,上架
2397544,服饰鞋包-商品7544,服饰鞋包,SKU-397544,83.85,178.69,336,20,上架
1341388,服饰鞋包-商品1388,服饰鞋包,SKU-341388,28.5,47.89,207,23,上架
3461725,数码家电-商品1725,数码家电,SKU-461725,62.96,98.07,172,19,上架
2821630,美妆个护-商品1630,美妆个护,SKU-821630,10.91,19.13,138,16,上架
4429587,美妆个护-商品9587,美妆个护,SKU-429587,131.27,275.33,248,25,上架
2730342,图书文创-商品0342,图书文创,SKU-730342,7.22,13.37,17,23,上架
1880571,图书文创-商品0571,图书文创,SKU-880571,20.73,39.75,257,35,上架
329628,运动户外-商品9628,运动户外,SKU-329628,178.59,325.6,61,35,上架
3815973,美妆个护-商品5973,美妆个护,SKU-815973,144.16,271.61,320,26,上架
4706681,图书文创-商品6681,图书文创,SKU-706681,34.88,60.99,358,30,上架
5044003,美妆个护-商品4003,美妆个护,SKU-044003,120.43,250.64,1,38,上架
2766083,服饰鞋包-商品6083,服饰鞋包,SKU-766083,74.28,117.33,224,24,上架
4705577,食品生鲜-商品5577,食品生鲜,SKU-705577,34.9,72.27,333,18,上架
855702,数码家电-商品5702,数码家电,SKU-855702,400.15,834.22,16,17,上架
2076430,数码家电-商品6430,数码家电,SKU-076430,190.59,324.61,367,26,上架
3238416,食品生鲜-商品8416,食品生鲜,SKU-238416,28.08,56.43,396,29,上架
2378086,图书文创-商品8086,图书文创,SKU-378086,32.99,59.38,77,39,上架
2853105,食品生鲜-商品3105,食品生鲜,SKU-853105,11.13,21.26,3,25,上架
3921636,数码家电-商品1636,数码家电,SKU-921636,63.53,137.72,488,15,上架
3559629,数码家电-商品9629,数码家电,SKU-559629,120.68,249.96,210,18,上架
4834624,家居日用-商品4624,家居日用,SKU-834624,21.24,33.66,327,28,上架
1760208,服饰鞋包-商品0208,服饰鞋包,SKU-760208,96.51,167.49,235,36,上架
1109681,美妆个护-商品9681,美妆个护,SKU-109681,125.75,230.78,324,24,上架
3303380,数码家电-商品3380,数码家电,SKU-303380,391.0,801.49,205,24,上架
3263745,母婴玩具-商品3745,母婴玩具,SKU-263745,20.62,33.81,20,37,上架
5079166,母婴玩具-商品9166,母婴玩具,SKU-079166,70.82,146.14,89,21,上架
1315997,母婴玩具-商品5997,母婴玩具,SKU-315997,28.26,57.52,487,33,上架
2596189,服饰鞋包-商品6189,服饰鞋包,SKU-596189,21.3,43.28,158,21,上架
4960832,食品生鲜-商品0832,食品生鲜,SKU-960832,38.81,71.28,440,35,上架
2742490,母婴玩具-商品2490,母婴玩具,SKU-742490,23.6,39.39,441,23,上架
2190257,运动户外-商品0257,运动户外,SKU-190257,182.56,314.62,258,20,上架
1413154,服饰鞋包-商品3154,服饰鞋包,SKU-413154,62.92,98.97,241,30,上架
4611654,母婴玩具-商品1654,母婴玩具,SKU-611654,93.06,164.3,146,28,上架
4421027,美妆个护-商品1027,美妆个护,SKU-421027,39.85,75.72,338,30,上架
587491,母婴玩具-商品7491,母婴玩具,SKU-587491,82.87,128.2,27,29,上架
3195646,数码家电-商品5646,数码家电,SKU-195646,431.27,876.05,341,25,上架
2955267,食品生鲜-商品5267,食品生鲜,SKU-955267,54.63,94.82,358,37,上架
1299999,母婴玩具-商品9999,母婴玩具,SKU-299999,62.95,107.21,230,26,上架
1045779,家居日用-商品5779,家居日用,SKU-045779,31.01,66.66,282,33,上架
2242589,数码家电-商品2589,数码家电,SKU-242589,87.4,135.72,258,31,上架
253040,数码家电-商品3040,数码家电,SKU-253040,119.5,201.97,346,26,上架
872404,母婴玩具-商品2404,母婴玩具,SKU-872404,102.85,177.8,374,39,上架
3629464,母婴玩具-商品9464,母婴玩具,SKU-629464,54.12,96.07,117,19,上架
4747009,食品生鲜-商品7009,食品生鲜,SKU-747009,33.75,72.15,355,20,上架
3210567,运动户外-商品0567,运动户外,SKU-210567,169.9,327.69,283,35,上架
2068780,运动户外-商品8780,运动户外,SKU-068780,42.9,74.15,272,35,上架
1963858,服饰鞋包-商品3858,服饰鞋包,SKU-963858,38.86,62.5,16,23,上架
906282,母婴玩具-商品6282,母婴玩具,SKU-906282,39.72,64.95,53,21,上架
1545024,数码家电-商品5024,数码家电,SKU-545024,337.87,647.08,308,29,上架
4350284,食品生鲜-商品0284,食品生鲜,SKU-350284,39.09,80.94,188,16,上架
1486733,服饰鞋包-商品6733,服饰鞋包,SKU-486733,34.13,70.38,28,28,上架
2583697,服饰鞋包-商品3697,服饰鞋包,SKU-583697,33.67,58.84,419,27,上架
4382294,家居日用-商品2294,家居日用,SKU-382294,49.81,93.2,157,22,上架
4289193,服饰鞋包-商品9193,服饰鞋包,SKU-289193,45.44,88.76,65,26,上架
3345827,服饰鞋包-商品5827,服饰鞋包,SKU-345827,56.65,120.75,313,16,上架
961402,服饰鞋包-商品1402,服饰鞋包,SKU-961402,60.82,104.6,44,20,上架
1616868,图书文创-商品6868,图书文创,SKU-616868,35.34,63.06,385,33,上架
870334,运动户外-商品0334,运动户外,SKU-870334,55.2,96.68,93,22,上架
2028325,服饰鞋包-商品8325,服饰鞋包,SKU-028325,44.82,93.46,386,34,上架
2627840,服饰鞋包-商品7840,服饰鞋包,SKU-627840,85.15,143.07,391,29,上架
1360115,家居日用-商品0115,家居日用,SKU-360115,19.41,41.47,28,37,上架
2049359,母婴玩具-商品9359,母婴玩具,SKU-049359,82.78,181.62,299,27,上架
3732060,服饰鞋包-商品2060,服饰鞋包,SKU-732060,76.06,147.09,383,38,上架
4947782,运动户外-商品7782,运动户外,SKU-947782,19.55,41.44,493,32,上架
2641045,食品生鲜-商品1045,食品生鲜,SKU-641045,40.85,74.29,111,27,上架
1367549,母婴玩具-商品7549,母婴玩具,SKU-367549,72.89,123.15,312,31,上架
3687513,数码家电-商品7513,数码家电,SKU-687513,245.58,464.39,348,21,上架
3582107,运动户外-商品2107,运动户外,SKU-582107,185.14,316.8,428,18,上架
4721843,图书文创-商品1843,图书文创,SKU-721843,28.14,59.0,89,27,上架
3822586,服饰鞋包-商品2586,服饰鞋包,SKU-822586,52.71,93.22,24,25,上架
3543955,食品生鲜-商品3955,食品生鲜,SKU-543955,35.93,57.55,312,36,上架
3949923,运动户外-商品9923,运动户外,SKU-949923,79.99,143.67,43,35,上架
1982333,家居日用-商品2333,家居日用,SKU-982333,72.96,126.92,134,27,上架
137093,美妆个护-商品7093,美妆个护,SKU-137093,15.43,24.79,427,25,上架
1962765,数码家电-商品2765,数码家电,SKU-962765,61.44,116.91,7,16,上架
4943232,服饰鞋包-商品3232,服饰鞋包,SKU-943232,56.07,115.37,359,25,上架
1826964,美妆个护-商品6964,美妆个护,SKU-826964,147.85,282.15,138,33,上架
742995,图书文创-商品2995,图书文创,SKU-742995,19.97,41.36,28,20,上架
4497087,数码家电-商品7087,数码家电,SKU-497087,330.19,682.13,310,17,上架
1421962,家居日用-商品1962,家居日用,SKU-421962,38.66,82.0,367,26,上架
4055511,运动户外-商品5511,运动户外,SKU-055511,191.09,358.48,493,38,上架
492803,家居日用-商品2803,家居日用,SKU-492803,74.4,157.15,169,38,上架
162994,数码家电-商品2994,数码家电,SKU-162994,482.14,818.61,318,19,上架
1542569,图书文创-商品2569,图书文创,SKU-542569,10.0,21.23,484,37,上架
1004566,食品生鲜-商品4566,食品生鲜,SKU-004566,16.1,33.79,456,27,上架
4395247,家居日用-商品5247,家居日用,SKU-395247,35.59,68.06,58,35,上架
2487684,家居日用-商品7684,家居日用,SKU-487684,38.1,64.15,212,29,上架
4170019,家居日用-商品0019,家居日用,SKU-170019,28.14,43.69,136,24,上架
3198383,母婴玩具-商品8383,母婴玩具,SKU-198383,34.62,57.03,163,37,上架
850558,食品生鲜-商品0558,食品生鲜,SKU-850558,16.46,29.74,482,37,上架
2653106,数码家电-商品3106,数码家电,SKU-653106,267.35,498.95,487,25,上架
1235455,运动户外-商品5455,运动户外,SKU-235455,84.96,151.42,151,27,上架
3339260,母婴玩具-商品9260,母婴玩具,SKU-339260,72.04,135.85,122,24,上架
1679189,食品生鲜-商品9189,食品生鲜,SKU-679189,52.2,98.35,324,38,上架
765657,数码家电-商品5657,数码家电,SKU-765657,58.0,108.06,404,34,上架
3285557,食品生鲜-商品5557,食品生鲜,SKU-285557,20.65,41.29,109,29,上架
1624684,食品生鲜-商品4684,食品生鲜,SKU-624684,16.49,35.52,421,30,上架
2128069,数码家电-商品8069,数码家电,SKU-128069,212.84,414.62,374,20,上架
823645,服饰鞋包-商品3645,服饰鞋包,SKU-823645,124.83,197.43,254,35,上架
1178993,图书文创-商品8993,图书文创,SKU-178993,14.18,24.62,23,37,上架
1525931,图书文创-商品5931,图书文创,SKU-525931,28.39,57.5,14,33,上架
4048857,运动户外-商品8857,运动户外,SKU-048857,172.0,345.99,482,17,上架
4193557,运动户外-商品3557,运动户外,SKU-193557,221.15,392.87,114,17,上架
1014122,美妆个护-商品4122,美妆个护,SKU-014122,103.38,220.26,191,31,上架
487231,母婴玩具-商品7231,母婴玩具,SKU-487231,76.98,122.04,317,16,上架
2301529,服饰鞋包-商品1529,服饰鞋包,SKU-301529,74.53,124.52,36,24,上架
2147704,家居日用-商品7704,家居日用,SKU-147704,67.3,132.67,460,36,上架
4309498,运动户外-商品9498,运动户外,SKU-309498,199.0,394.0,5,34,上架
2277740,图书文创-商品7740,图书文创,SKU-277740,17.65,29.69,119,28,上架
2126706,家居日用-商品6706,家居日用,SKU-126706,20.71,34.99,354,27,上架
5100411,美妆个护-商品0411,美妆个护,SKU-100411,41.87,79.79,16,35,上架
3851715,母婴玩具-商品1715,母婴玩具,SKU-851715,66.6,146.68,127,37,上架
2764166,运动户外-商品4166,运动户外,SKU-764166,183.67,345.4,331,18,上架
3703595,图书文创-商品3595,图书文创,SKU-703595,31.08,63.43,267,25,上架
4892533,图书文创-商品2533,图书文创,SKU-892533,31.15,48.66,389,29,上架
2957930,美妆个护-商品7930,美妆个护,SKU-957930,126.71,254.03,183,24,上架
2777432,运动户外-商品7432,运动户外,SKU-777432,64.07,128.73,392,26,上架
2102332,母婴玩具-商品2332,母婴玩具,SKU-102332,48.26,92.15,184,16,上架
3356337,家居日用-商品6337,家居日用,SKU-356337,16.37,28.98,122,31,上架
2601319,家居日用-商品1319,家居日用,SKU-601319,46.81,89.97,134,32,上架
4265613,美妆个护-商品5613,美妆个护,SKU-265613,37.26,68.31,194,19,上架
2612578,美妆个护-商品2578,美妆个护,SKU-612578,163.16,252.97,301,34,上架
4174548,运动户外-商品4548,运动户外,SKU-174548,77.11,146.34,31,27,上架
4200321,家居日用-商品0321,家居日用,SKU-200321,25.83,43.25,185,36,上架
1466828,母婴玩具-商品6828,母婴玩具,SKU-466828,42.42,80.94,310,29,上架
3101480,服饰鞋包-商品1480,服饰鞋包,SKU-101480,81.97,141.1,298,29,上架
4156341,美妆个护-商品6341,美妆个护,SKU-156341,45.02,92.95,416,39,上架
735234,美妆个护-商品5234,美妆个护,SKU-735234,111.05,234.06,212,26,上架
4366283,家居日用-商品6283,家居日用,SKU-366283,14.36,29.47,151,20,上架
3404493,运动户外-商品4493,运动户外,SKU-404493,192.06,393.75,365,38,上架
1164939,家居日用-商品4939,家居日用,SKU-164939,46.64,80.27,289,20,上架
3811364,图书文创-商品1364,图书文创,SKU-811364,21.71,44.0,154,18,上架
2289173,数码家电-商品9173,数码家电,SKU-289173,60.36,96.15,494,39,上架
870280,数码家电-商品0280,数码家电,SKU-870280,544.91,860.33,18,28,上架
1458258,图书文创-商品8258,图书文创,SKU-458258,14.76,22.81,9,36,上架
2779133,母婴玩具-商品9133,母婴玩具,SKU-779133,73.09,146.67,26,39,上架
1958907,食品生鲜-商品8907,食品生鲜,SKU-958907,14.3,27.95,150,29,上架
4126091,食品生鲜-商品6091,食品生鲜,SKU-126091,21.99,45.32,255,15,上架
2565270,家居日用-商品5270,家居日用,SKU-565270,86.55,157.56,381,30,上架
572806,运动户外-商品2806,运动户外,SKU-572806,35.71,63.52,176,24,上架
159912,母婴玩具-商品9912,母婴玩具,SKU-159912,76.37,155.89,232,16,上架
99857,图书文创-商品9857,图书文创,SKU-99857,21.31,34.49,251,34,上架
3268438,食品生鲜-商品8438,食品生鲜,SKU-268438,30.56,53.55,191,22,上架
1989489,母婴玩具-商品9489,母婴玩具,SKU-989489,23.31,45.65,92,30,上架
1104712,食品生鲜-商品4712,食品生鲜,SKU-104712,34.41,62.26,252,18,上架
2274824,图书文创-商品4824,图书文创,SKU-274824,11.66,18.56,378,15,上架
2850795,数码家电-商品0795,数码家电,SKU-850795,205.32,343.11,95,38,上架
3252008,服饰鞋包-商品2008,服饰鞋包,SKU-252008,79.86,135.4,202,21,上架
4021960,运动户外-商品1960,运动户外,SKU-021960,86.86,146.97,368,35,上架
267794,图书文创-商品7794,图书文创,SKU-267794,14.93,22.99,243,35,上架
3329232,美妆个护-商品9232,美妆个护,SKU-329232,107.96,185.08,237,15,上架
2350776,母婴玩具-商品0776,母婴玩具,SKU-350776,82.99,180.0,1,18,上架
1011371,家居日用-商品1371,家居日用,SKU-011371,58.09,102.3,163,28,上架
2633450,图书文创-商品3450,图书文创,SKU-633450,17.93,37.82,320,20,上架
5025832,数码家电-商品5832,数码家电,SKU-025832,233.03,504.59,439,20,上架
2470718,图书文创-商品0718,图书文创,SKU-470718,30.62,56.76,333,34,上架
44202,图书文创-商品4202,图书文创,SKU-44202,27.19,59.48,250,39,上架
1559384,数码家电-商品9384,数码家电,SKU-559384,64.68,112.51,182,37,上架
1766214,家居日用-商品6214,家居日用,SKU-766214,45.16,99.15,58,35,上架
2675011,食品生鲜-商品5011,食品生鲜,SKU-675011,22.89,39.57,474,36,上架
4454651,服饰鞋包-商品4651,服饰鞋包,SKU-454651,53.0,82.08,259,33,上架
3050776,服饰鞋包-商品0776,服饰鞋包,SKU-050776,52.72,91.27,208,20,上架
4161852,服饰鞋包-商品1852,服饰鞋包,SKU-161852,49.71,84.87,442,24,上架
2704379,图书文创-商品4379,图书文创,SKU-704379,38.12,60.9,316,36,上架
4270664,图书文创-商品0664,图书文创,SKU-270664,31.08,60.77,240,15,上架
4035255,运动户外-商品5255,运动户外,SKU-035255,225.62,352.39,131,33,上架
2281036,母婴玩具-商品1036,母婴玩具,SKU-281036,52.56,95.44,430,36,上架
116348,食品生鲜-商品6348,食品生鲜,SKU-116348,29.25,57.14,417,16,上架
2657955,运动户外-商品7955,运动户外,SKU-657955,78.34,163.2,249,36,上架
149734,数码家电-商品9734,数码家电,SKU-149734,399.46,689.22,185,16,上架
4336297,家居日用-商品6297,家居日用,SKU-336297,27.83,53.83,219,39,上架
3692612,美妆个护-商品2612,美妆个护,SKU-692612,15.78,29.59,270,27,上架
4801318,家居日用-商品1318,家居日用,SKU-801318,42.51,65.69,190,30,上架
1808610,家居日用-商品8610,家居日用,SKU-808610,77.38,125.22,68,39,上架
1043320,数码家电-商品3320,数码家电,SKU-043320,57.22,95.37,487,17,上架
2219401,数码家电-商品9401,数码家电,SKU-219401,37.27,78.61,232,32,上架
4424720,图书文创-商品4720,图书文创,SKU-424720,26.24,41.32,251,16,上架
4489776,运动户外-商品9776,运动户外,SKU-489776,126.32,237.9,338,24,上架
399942,美妆个护-商品9942,美妆个护,SKU-399942,123.82,229.32,105,32,上架
2440667,数码家电-商品0667,数码家电,SKU-440667,165.42,312.51,387,18,上架
3146059,运动户外-商品6059,运动户外,SKU-146059,72.29,147.21,164,35,上架
4665452,运动户外-商品5452,运动户外,SKU-665452,177.38,283.99,431,18,上架
5026858,家居日用-商品6858,家居日用,SKU-026858,62.62,98.94,351,16,上架
2108727,美妆个护-商品8727,美妆个护,SKU-108727,133.05,249.55,281,22,上架
4727284,服饰鞋包-商品7284,服饰鞋包,SKU-727284,22.23,49.17,131,15,上架
4029704,食品生鲜-商品9704,食品生鲜,SKU-029704,8.94,17.06,41,23,上架
3383350,美妆个护-商品3350,美妆个护,SKU-383350,36.62,68.79,347,38,上架
920765,美妆个护-商品0765,美妆个护,SKU-920765,116.86,228.2,145,28,上架
4192094,服饰鞋包-商品2094,服饰鞋包,SKU-192094,80.14,139.88,0,34,上架
4882558,图书文创-商品2558,图书文创,SKU-882558,34.57,62.72,231,24,上架
3757659,家居日用-商品7659,家居日用,SKU-757659,29.35,49.02,415,26,上架
1532888,食品生鲜-商品2888,食品生鲜,SKU-532888,36.83,72.23,467,33,上架
1723753,图书文创-商品3753,图书文创,SKU-723753,17.42,30.36,444,31,上架
3370399,食品生鲜-商品0399,食品生鲜,SKU-370399,35.24,77.88,118,30,上架
3417857,母婴玩具-商品7857,母婴玩具,SKU-417857,41.34,70.06,224,28,上架
3754211,母婴玩具-商品4211,母婴玩具,SKU-754211,105.33,173.19,121,28,上架
4329792,数码家电-商品9792,数码家电,SKU-329792,71.33,132.88,295,26,上架
5082680,服饰鞋包-商品2680,服饰鞋包,SKU-082680,41.36,73.6,335,20,上架
2116634,食品生鲜-商品6634,食品生鲜,SKU-116634,11.25,17.61,118,17,上架
1637172,数码家电-商品7172,数码家电,SKU-637172,460.7,861.92,19,26,上架
1763707,数码家电-商品3707,数码家电,SKU-763707,477.53,749.61,432,19,上架
4087718,图书文创-商品7718,图书文创,SKU-087718,15.06,31.2,305,22,上架
1937418,图书文创-商品7418,图书文创,SKU-937418,27.35,43.31,41,19,上架
1393008,食品生鲜-商品3008,食品生鲜,SKU-393008,47.04,80.57,98,24,上架
3591622,服饰鞋包-商品1622,服饰鞋包,SKU-591622,50.75,101.49,224,19,上架
3739420,服饰鞋包-商品9420,服饰鞋包,SKU-739420,58.86,99.69,292,20,上架
1679779,家居日用-商品9779,家居日用,SKU-679779,15.14,25.54,15,21,上架
46132,家居日用-商品6132,家居日用,SKU-46132,44.95,99.42,489,27,上架
3122135,数码家电-商品2135,数码家电,SKU-122135,105.94,185.51,26,23,上架
219767,家居日用-商品9767,家居日用,SKU-219767,49.76,83.34,28,37,上架
4246902,家居日用-商品6902,家居日用,SKU-246902,88.44,158.41,14,37,上架
2127965,家居日用-商品7965,家居日用,SKU-127965,34.92,74.74,7,39,上架
1608948,家居日用-商品8948,家居日用,SKU-608948,63.31,100.39,112,32,上架
627476,母婴玩具-商品7476,母婴玩具,SKU-627476,113.15,180.37,18,21,上架
729577,运动户外-商品9577,运动户外,SKU-729577,160.78,304.7,66,24,上架
1636223,图书文创-商品6223,图书文创,SKU-636223,11.24,23.88,293,31,上架
4804194,食品生鲜-商品4194,食品生鲜,SKU-804194,23.66,51.15,474,36,上架
1394413,家居日用-商品4413,家居日用,SKU-394413,90.2,153.36,379,23,上架
1326783,家居日用-商品6783,家居日用,SKU-326783,31.35,64.36,264,28,上架
2300846,运动户外-商品0846,运动户外,SKU-300846,93.64,199.96,356,18,上架
97733,家居日用-商品7733,家居日用,SKU-97733,26.0,48.65,344,30,上架
1126783,母婴玩具-商品6783,母婴玩具,SKU-126783,54.95,110.09,212,38,上架
1208398,美妆个护-商品8398,美妆个护,SKU-208398,29.95,59.21,185,28,上架
2490956,母婴玩具-商品0956,母婴玩具,SKU-490956,79.07,131.13,214,28,上架
1916953,运动户外-商品6953,运动户外,SKU-916953,171.92,321.73,102,25,上架
48160,运动户外-商品8160,运动户外,SKU-48160,107.06,191.27,306,17,上架
1016595,图书文创-商品6595,图书文创,SKU-016595,25.29,46.83,10,15,上架
1393426,运动户外-商品3426,运动户外,SKU-393426,103.17,198.13,36,29,上架
2240481,服饰鞋包-商品0481,服饰鞋包,SKU-240481,32.42,65.87,118,16,上架
582970,美妆个护-商品2970,美妆个护,SKU-582970,62.61,112.36,3,28,上架
48995,数码家电-商品8995,数码家电,SKU-48995,359.31,587.79,496,24,上架
174758,图书文创-商品4758,图书文创,SKU-174758,28.56,55.75,24,16,上架
4053608,图书文创-商品3608,图书文创,SKU-053608,25.66,46.25,458,34,上架
4203564,图书文创-商品3564,图书文创,SKU-203564,18.69,39.49,281,16,上架
4582322,图书文创-商品2322,图书文创,SKU-582322,14.81,26.45,198,20,上架
363858,美妆个护-商品3858,美妆个护,SKU-363858,162.52,264.85,192,33,上架
3229722,数码家电-商品9722,数码家电,SKU-229722,168.43,262.76,80,20,上架
2352497,食品生鲜-商品2497,食品生鲜,SKU-352497,28.09,47.27,0,17,上架
2422515,运动户外-商品2515,运动户外,SKU-422515,76.6,163.9,0,24,上架
2820398,家居日用-商品0398,家居日用,SKU-820398,74.22,134.83,373,25,上架
1165927,美妆个护-商品5927,美妆个护,SKU-165927,54.57,105.38,387,15,上架
1164828,数码家电-商品4828,数码家电,SKU-164828,123.25,194.22,279,20,上架
2704162,家居日用-商品4162,家居日用,SKU-704162,9.84,19.85,3,20,上架
2670832,家居日用-商品0832,家居日用,SKU-670832,84.29,149.43,20,33,上架
1855426,母婴玩具-商品5426,母婴玩具,SKU-855426,55.57,103.52,137,18,上架
4126364,服饰鞋包-商品6364,服饰鞋包,SKU-126364,75.84,127.12,38,38,上架
1775442,服饰鞋包-商品5442,服饰鞋包,SKU-775442,27.2,60.0,485,32,上架
4221187,食品生鲜-商品1187,食品生鲜,SKU-221187,45.77,94.21,0,38,上架
2626448,数码家电-商品6448,数码家电,SKU-626448,476.31,802.32,208,18,上架
3855779,图书文创-商品5779,图书文创,SKU-855779,23.64,42.76,245,17,上架
5090237,服饰鞋包-商品0237,服饰鞋包,SKU-090237,83.39,153.89,399,33,上架
2686135,图书文创-商品6135,图书文创,SKU-686135,17.11,33.41,163,31,上架
4260261,数码家电-商品0261,数码家电,SKU-260261,363.52,655.36,370,31,上架
3992710,服饰鞋包-商品2710,服饰鞋包,SKU-992710,35.29,58.03,333,15,上架
375885,图书文创-商品5885,图书文创,SKU-375885,20.25,39.25,159,29,上架
4705711,食品生鲜-商品5711,食品生鲜,SKU-705711,11.02,20.18,343,21,上架
4001836,服饰鞋包-商品1836,服饰鞋包,SKU-001836,103.57,170.09,396,22,上架
4352733,运动户外-商品2733,运动户外,SKU-352733,116.43,182.37,376,30,上架
561560,图书文创-商品1560,图书文创,SKU-561560,26.92,59.0,70,21,上架
2242394,图书文创-商品2394,图书文创,SKU-242394,23.14,37.66,178,17,上架
2903289,运动户外-商品3289,运动户外,SKU-903289,105.01,213.65,86,36,上架
2552942,食品生鲜-商品2942,食品生鲜,SKU-552942,51.28,96.9,409,20,上架
509172,母婴玩具-商品9172,母婴玩具,SKU-509172,77.8,133.58,159,20,上架
3668317,服饰鞋包-商品8317,服饰鞋包,SKU-668317,43.02,81.24,17,17,上架
2900512,美妆个护-商品0512,美妆个护,SKU-900512,141.1,221.9,480,18,上架
1833783,运动户外-商品3783,运动户外,SKU-833783,98.81,201.71,250,15,上架
3423009,数码家电-商品3009,数码家电,SKU-423009,151.84,260.03,285,34,上架
3936676,食品生鲜-商品6676,食品生鲜,SKU-936676,39.8,66.82,141,21,上架
4313336,美妆个护-商品3336,美妆个护,SKU-313336,45.64,84.32,409,28,上架
1784366,图书文创-商品4366,图书文创,SKU-784366,22.44,38.03,330,15,上架
2591004,母婴玩具-商品1004,母婴玩具,SKU-591004,102.57,191.05,9,15,上架
1015653,运动户外-商品5653,运动户外,SKU-015653,80.24,165.9,493,25,上架
1350486,运动户外-商品0486,运动户外,SKU-350486,75.2,134.99,300,16,上架
518544,家居日用-商品8544,家居日用,SKU-518544,51.48,110.08,336,20,上架
1459096,母婴玩具-商品9096,母婴玩具,SKU-459096,91.51,174.07,264,23,上架
4830753,美妆个护-商品0753,美妆个护,SKU-830753,79.77,174.06,496,31,上架
1403207,服饰鞋包-商品3207,服饰鞋包,SKU-403207,43.44,82.02,493,28,上架
1574508,运动户外-商品4508,运动户外,SKU-574508,28.43,48.91,419,31,上架
4619824,运动户外-商品9824,运动户外,SKU-619824,38.92,62.97,466,33,上架
2292521,母婴玩具-商品2521,母婴玩具,SKU-292521,79.45,129.32,262,22,上架
29182,数码家电-商品9182,数码家电,SKU-29182,388.6,696.12,61,36,上架
504913,运动户外-商品4913,运动户外,SKU-504913,204.28,386.98,387,35,上架
4793042,家居日用-商品3042,家居日用,SKU-793042,58.1,95.86,306,35,上架
1583508,家居日用-商品3508,家居日用,SKU-583508,39.53,84.2,274,17,上架
4784072,服饰鞋包-商品4072,服饰鞋包,SKU-784072,22.94,38.44,483,32,上架
3346636,美妆个护-商品6636,美妆个护,SKU-346636,20.75,37.9,352,32,上架
130723,食品生鲜-商品0723,食品生鲜,SKU-130723,37.66,79.86,219,23,上架
1957598,数码家电-商品7598,数码家电,SKU-957598,445.27,874.8,366,37,上架
4405603,数码家电-商品5603,数码家电,SKU-405603,152.96,237.71,20,25,上架
4008453,服饰鞋包-商品8453,服饰鞋包,SKU-008453,78.6,122.39,462,15,上架
2036338,服饰鞋包-商品6338,服饰鞋包,SKU-036338,61.77,108.28,125,23,上架
4440716,数码家电-商品0716,数码家电,SKU-440716,403.3,781.43,214,16,上架
3415673,服饰鞋包-商品5673,服饰鞋包,SKU-415673,77.81,137.05,281,25,上架
2610053,食品生鲜-商品0053,食品生鲜,SKU-610053,43.58,71.27,172,15,上架
1879366,美妆个护-商品9366,美妆个护,SKU-879366,72.7,139.67,18,27,上架
114355,母婴玩具-商品4355,母婴玩具,SKU-114355,81.66,177.52,463,27,上架
2924250,数码家电-商品4250,数码家电,SKU-924250,231.38,409.93,261,32,上架
4435060,数码家电-商品5060,数码家电,SKU-435060,375.58,747.58,190,33,上架
321820,母婴玩具-商品1820,母婴玩具,SKU-321820,87.16,182.53,19,20,上架
3714226,数码家电-商品4226,数码家电,SKU-714226,102.17,225.1,44,15,上架
3711601,家居日用-商品1601,家居日用,SKU-711601,54.25,110.53,13,37,上架
779781,数码家电-商品9781,数码家电,SKU-779781,126.94,251.04,45,21,上架
4716565,运动户外-商品6565,运动户外,SKU-716565,195.88,328.87,16,23,上架
3181529,美妆个护-商品1529,美妆个护,SKU-181529,39.16,67.47,313,28,上架
362272,图书文创-商品2272,图书文创,SKU-362272,20.08,35.08,165,23,上架
4805041,母婴玩具-商品5041,母婴玩具,SKU-805041,21.6,40.55,344,33,上架
1995682,食品生鲜-商品5682,食品生鲜,SKU-995682,38.54,67.88,139,22,上架
2225043,美妆个护-商品5043,美妆个护,SKU-225043,40.31,70.78,489,18,上架
385863,母婴玩具-商品5863,母婴玩具,SKU-385863,74.04,151.29,219,15,上架
3887165,食品生鲜-商品7165,食品生鲜,SKU-887165,32.06,70.88,14,23,上架
1932441,图书文创-商品2441,图书文创,SKU-932441,13.66,24.19,375,15,上架
774212,数码家电-商品4212,数码家电,SKU-774212,457.04,866.15,138,31,上架
2975512,图书文创-商品5512,图书文创,SKU-975512,16.46,30.94,269,17,上架
4722844,图书文创-商品2844,图书文创,SKU-722844,18.46,29.79,274,20,上架
4621156,图书文创-商品1156,图书文创,SKU-621156,26.85,56.01,28,37,上架
4561490,服饰鞋包-商品1490,服饰鞋包,SKU-561490,79.28,123.2,94,24,上架
1327560,数码家电-商品7560,数码家电,SKU-327560,341.25,659.62,131,16,上架
3182093,服饰鞋包-商品2093,服饰鞋包,SKU-182093,18.41,38.7,38,18,上架
2415830,数码家电-商品5830,数码家电,SKU-415830,168.11,283.83,283,35,上架
2705546,食品生鲜-商品5546,食品生鲜,SKU-705546,20.89,36.32,348,27,上架
2933654,食品生鲜-商品3654,食品生鲜,SKU-933654,27.77,55.58,458,32,上架
3478088,数码家电-商品8088,数码家电,SKU-478088,417.1,695.42,385,19,上架
5009940,数码家电-商品9940,数码家电,SKU-009940,168.32,313.31,464,19,上架
5161341,母婴玩具-商品1341,母婴玩具,SKU-161341,21.18,36.33,154,38,上架
3873209,服饰鞋包-商品3209,服饰鞋包,SKU-873209,98.22,179.66,166,30,上架
3141190,食品生鲜-商品1190,食品生鲜,SKU-141190,18.12,33.6,48,16,上架
5029831,运动户外-商品9831,运动户外,SKU-029831,36.76,71.92,456,17,上架
302240,运动户外-商品2240,运动户外,SKU-302240,206.58,330.86,405,16,上架
3989375,服饰鞋包-商品9375,服饰鞋包,SKU-989375,74.95,142.5,278,18,上架
4814867,服饰鞋包-商品4867,服饰鞋包,SKU-814867,57.97,105.8,0,27,上架
2060152,图书文创-商品0152,图书文创,SKU-060152,19.55,37.91,496,31,上架
3104240,数码家电-商品4240,数码家电,SKU-104240,309.89,557.25,439,39,上架
2609861,数码家电-商品9861,数码家电,SKU-609861,419.68,797.83,360,17,上架
4066376,数码家电-商品6376,数码家电,SKU-066376,241.6,489.68,337,35,上架
4458366,服饰鞋包-商品8366,服饰鞋包,SKU-458366,20.42,38.85,320,15,上架
4226949,母婴玩具-商品6949,母婴玩具,SKU-226949,12.23,20.79,360,18,上架
4597391,母婴玩具-商品7391,母婴玩具,SKU-597391,36.24,73.37,42,19,上架
4321125,食品生鲜-商品1125,食品生鲜,SKU-321125,27.58,44.12,266,26,上架
1694002,服饰鞋包-商品4002,服饰鞋包,SKU-694002,57.4,108.88,64,19,上架
2053456,母婴玩具-商品3456,母婴玩具,SKU-053456,27.49,44.3,8,17,上架
4630603,数码家电-商品0603,数码家电,SKU-630603,570.12,898.29,256,26,上架
3102653,运动户外-商品2653,运动户外,SKU-102653,133.74,221.63,182,20,上架
843962,服饰鞋包-商品3962,服饰鞋包,SKU-843962,102.78,184.82,411,34,上架
2619126,家居日用-商品9126,家居日用,SKU-619126,34.49,63.82,162,19,上架
3623974,服饰鞋包-商品3974,服饰鞋包,SKU-623974,126.38,197.1,394,23,上架
4116280,服饰鞋包-商品6280,服饰鞋包,SKU-116280,56.18,108.82,34,19,上架
2659396,图书文创-商品9396,图书文创,SKU-659396,10.36,16.68,387,34,上架
3851214,美妆个护-商品1214,美妆个护,SKU-851214,99.37,154.56,181,22,上架
731783,运动户外-商品1783,运动户外,SKU-731783,57.92,95.3,334,20,上架
2306861,图书文创-商品6861,图书文创,SKU-306861,19.53,32.04,498,18,上架
1779897,美妆个护-商品9897,美妆个护,SKU-779897,113.65,206.42,123,19,上架
4358289,图书文创-商品8289,图书文创,SKU-358289,42.55,66.59,61,19,上架
1288867,美妆个护-商品8867,美妆个护,SKU-288867,148.94,260.45,424,22,上架
4660962,美妆个护-商品0962,美妆个护,SKU-660962,25.99,46.47,243,29,上架
432334,家居日用-商品2334,家居日用,SKU-432334,31.57,54.26,257,18,上架
4041737,食品生鲜-商品1737,食品生鲜,SKU-041737,20.33,32.55,408,31,上架
1365110,美妆个护-商品5110,美妆个护,SKU-365110,179.32,279.53,286,22,上架
2076051,服饰鞋包-商品6051,服饰鞋包,SKU-076051,64.56,108.62,366,22,上架
1043072,服饰鞋包-商品3072,服饰鞋包,SKU-043072,96.95,167.3,41,16,上架
1224420,运动户外-商品4420,运动户外,SKU-224420,170.72,288.81,255,18,上架
3033663,图书文创-商品3663,图书文创,SKU-033663,9.37,20.34,481,25,上架
3160803,家居日用-商品0803,家居日用,SKU-160803,19.87,43.44,362,39,上架
1053132,食品生鲜-商品3132,食品生鲜,SKU-053132,28.49,44.96,428,39,上架
1443114,数码家电-商品3114,数码家电,SKU-443114,369.82,802.43,434,15,上架
2250923,数码家电-商品0923,数码家电,SKU-250923,74.25,137.38,34,15,上架
1589561,食品生鲜-商品9561,食品生鲜,SKU-589561,52.3,88.05,233,39,上架
206417,美妆个护-商品6417,美妆个护,SKU-206417,50.24,89.42,287,30,上架
3366622,数码家电-商品6622,数码家电,SKU-366622,432.7,764.27,157,18,上架
724626,食品生鲜-商品4626,食品生鲜,SKU-724626,26.64,54.81,60,20,上架
347750,数码家电-商品7750,数码家电,SKU-347750,52.86,90.44,4,19,上架
3681935,运动户外-商品1935,运动户外,SKU-681935,113.52,188.18,351,19,上架
4109525,数码家电-商品9525,数码家电,SKU-109525,220.75,448.6,253,22,上架
4023205,图书文创-商品3205,图书文创,SKU-023205,13.69,30.12,261,34,上架
1890416,食品生鲜-商品0416,食品生鲜,SKU-890416,27.33,44.41,169,21,上架
1790667,图书文创-商品0667,图书文创,SKU-790667,14.43,22.94,314,32,上架
4054448,服饰鞋包-商品4448,服饰鞋包,SKU-054448,22.49,44.95,27,19,上架
331697,美妆个护-商品1697,美妆个护,SKU-331697,101.91,162.58,346,29,上架
1530284,母婴玩具-商品0284,母婴玩具,SKU-530284,71.85,118.35,346,34,上架
2244074,母婴玩具-商品4074,母婴玩具,SKU-244074,92.59,177.96,480,33,上架
4261226,美妆个护-商品1226,美妆个护,SKU-261226,43.73,80.63,41,20,上架
26206,食品生鲜-商品6206,食品生鲜,SKU-26206,38.61,73.41,206,33,上架
1357791,母婴玩具-商品7791,母婴玩具,SKU-357791,95.29,194.17,21,34,上架
231579,运动户外-商品1579,运动户外,SKU-231579,216.24,386.26,197,17,上架
3139323,家居日用-商品9323,家居日用,SKU-139323,61.53,110.9,370,23,上架
2505633,美妆个护-商品5633,美妆个护,SKU-505633,14.99,28.58,430,29,上架
114436,母婴玩具-商品4436,母婴玩具,SKU-114436,80.74,175.07,50,36,上架
4848076,家居日用-商品8076,家居日用,SKU-848076,84.05,141.51,435,25,上架
3873539,母婴玩具-商品3539,母婴玩具,SKU-873539,33.74,64.9,114,31,上架
4640894,美妆个护-商品0894,美妆个护,SKU-640894,160.04,252.07,330,20,上架
700114,服饰鞋包-商品0114,服饰鞋包,SKU-700114,28.6,44.01,408,28,上架
542912,美妆个护-商品2912,美妆个护,SKU-542912,146.01,231.54,393,38,上架
1632935,美妆个护-商品2935,美妆个护,SKU-632935,61.5,117.02,37,18,上架
2146419,图书文创-商品6419,图书文创,SKU-146419,26.32,40.84,441,25,上架
3823922,母婴玩具-商品3922,母婴玩具,SKU-823922,56.05,99.7,379,24,上架
522911,家居日用-商品2911,家居日用,SKU-522911,92.47,151.98,418,33,上架
895501,数码家电-商品5501,数码家电,SKU-895501,409.42,874.57,384,25,上架
1500537,数码家电-商品0537,数码家电,SKU-500537,148.56,255.73,421,15,上架
1656401,家居日用-商品6401,家居日用,SKU-656401,20.59,36.98,114,19,上架
3396054,家居日用-商品6054,家居日用,SKU-396054,36.99,80.14,150,27,上架
2644459,图书文创-商品4459,图书文创,SKU-644459,17.25,36.62,31,31,上架
2714494,图书文创-商品4494,图书文创,SKU-714494,15.71,27.55,453,29,上架
4067913,母婴玩具-商品7913,母婴玩具,SKU-067913,73.5,160.01,57,27,上架
4912239,数码家电-商品2239,数码家电,SKU-912239,220.87,414.54,86,38,上架
2294912,家居日用-商品4912,家居日用,SKU-294912,31.57,55.69,42,39,上架
1772715,数码家电-商品2715,数码家电,SKU-772715,298.81,582.54,326,22,上架
4550676,美妆个护-商品0676,美妆个护,SKU-550676,52.01,93.34,338,19,上架
3446651,母婴玩具-商品6651,母婴玩具,SKU-446651,23.46,44.29,243,39,上架
1664365,美妆个护-商品4365,美妆个护,SKU-664365,103.54,191.6,294,19,上架
865406,服饰鞋包-商品5406,服饰鞋包,SKU-865406,33.58,69.61,72,21,上架
2868039,数码家电-商品8039,数码家电,SKU-868039,212.6,367.88,460,20,上架
4531252,服饰鞋包-商品1252,服饰鞋包,SKU-531252,67.49,112.8,494,19,上架
1597807,服饰鞋包-商品7807,服饰鞋包,SKU-597807,82.98,167.4,335,34,上架
224906,数码家电-商品4906,数码家电,SKU-224906,506.02,836.01,140,30,上架
2210978,母婴玩具-商品0978,母婴玩具,SKU-210978,34.27,59.21,322,38,上架
1864005,母婴玩具-商品4005,母婴玩具,SKU-864005,20.67,34.37,471,22,上架
4132140,美妆个护-商品2140,美妆个护,SKU-132140,48.96,89.18,10,36,上架
3203089,母婴玩具-商品3089,母婴玩具,SKU-203089,111.34,173.52,166,34,上架
3273789,食品生鲜-商品3789,食品生鲜,SKU-273789,26.77,43.3,411,39,上架
4004995,母婴玩具-商品4995,母婴玩具,SKU-004995,93.71,180.75,218,34,上架
4175248,家居日用-商品5248,家居日用,SKU-175248,50.61,93.02,433,32,上架
4110219,家居日用-商品0219,家居日用,SKU-110219,8.5,16.41,448,37,上架
1325542,图书文创-商品5542,图书文创,SKU-325542,8.62,16.02,92,36,上架
4397068,食品生鲜-商品7068,食品生鲜,SKU-397068,41.78,83.26,99,24,上架
3780024,食品生鲜-商品0024,食品生鲜,SKU-780024,23.7,40.97,427,21,上架
2990304,母婴玩具-商品0304,母婴玩具,SKU-990304,32.59,54.31,65,17,上架
4338806,服饰鞋包-商品8806,服饰鞋包,SKU-338806,60.13,117.43,169,20,上架
4426074,服饰鞋包-商品6074,服饰鞋包,SKU-426074,79.88,156.45,221,18,上架
779173,服饰鞋包-商品9173,服饰鞋包,SKU-779173,22.63,40.79,297,27,上架
665262,运动户外-商品5262,运动户外,SKU-665262,125.42,202.8,41,21,上架
4804947,母婴玩具-商品4947,母婴玩具,SKU-804947,37.65,78.96,446,30,上架
2281549,食品生鲜-商品1549,食品生鲜,SKU-281549,41.21,78.31,112,39,上架
5154172,家居日用-商品4172,家居日用,SKU-154172,61.0,113.53,368,21,上架
130217,图书文创-商品0217,图书文创,SKU-130217,21.91,38.73,179,15,上架
1295236,运动户外-商品5236,运动户外,SKU-295236,206.65,351.93,166,34,上架
1096863,服饰鞋包-商品6863,服饰鞋包,SKU-096863,21.87,47.92,327,18,上架
3388153,服饰鞋包-商品8153,服饰鞋包,SKU-388153,81.82,179.33,420,37,上架
2275422,服饰鞋包-商品5422,服饰鞋包,SKU-275422,80.71,131.21,116,36,上架
108408,服饰鞋包-商品8408,服饰鞋包,SKU-108408,65.42,127.48,353,20,上架
4463332,服饰鞋包-商品3332,服饰鞋包,SKU-463332,56.87,122.01,194,19,上架
4404218,服饰鞋包-商品4218,服饰鞋包,SKU-404218,34.34,56.95,7,21,上架
1690992,家居日用-商品0992,家居日用,SKU-690992,19.83,37.77,174,30,上架
3474671,母婴玩具-商品4671,母婴玩具,SKU-474671,98.25,151.42,13,34,上架
4894320,服饰鞋包-商品4320,服饰鞋包,SKU-894320,42.84,69.51,351,22,上架
2147015,服饰鞋包-商品7015,服饰鞋包,SKU-147015,50.96,89.72,17,34,上架
3136773,服饰鞋包-商品6773,服饰鞋包,SKU-136773,103.74,167.33,173,22,上架
1548666,母婴玩具-商品8666,母婴玩具,SKU-548666,38.76,74.05,29,33,上架
3666084,家居日用-商品6084,家居日用,SKU-666084,66.63,114.33,196,37,上架
742557,服饰鞋包-商品2557,服饰鞋包,SKU-742557,81.2,127.0,280,23,上架
553299,运动户外-商品3299,运动户外,SKU-553299,97.86,153.37,485,24,上架
2014971,食品生鲜-商品4971,食品生鲜,SKU-014971,14.18,23.29,46,23,上架
4489434,母婴玩具-商品9434,母婴玩具,SKU-489434,107.3,180.5,121,23,上架
2076886,家居日用-商品6886,家居日用,SKU-076886,54.67,102.33,356,16,上架
4252236,图书文创-商品2236,图书文创,SKU-252236,25.37,55.54,464,19,上架
2160688,服饰鞋包-商品0688,服饰鞋包,SKU-160688,79.58,129.74,72,26,上架
2964774,母婴玩具-商品4774,母婴玩具,SKU-964774,65.86,138.12,408,24,上架
4061696,母婴玩具-商品1696,母婴玩具,SKU-061696,11.49,19.82,440,28,上架
3770731,食品生鲜-商品0731,食品生鲜,SKU-770731,5.46,9.27,46,37,上架
3779125,服饰鞋包-商品9125,服饰鞋包,SKU-779125,49.1,91.4,54,21,上架
3689621,运动户外-商品9621,运动户外,SKU-689621,132.22,216.5,491,36,上架
2974129,食品生鲜-商品4129,食品生鲜,SKU-974129,46.1,73.15,11,28,上架
3476682,家居日用-商品6682,家居日用,SKU-476682,14.18,24.87,2,15,上架
4730958,母婴玩具-商品0958,母婴玩具,SKU-730958,19.02,32.12,410,22,上架
2580149,美妆个护-商品0149,美妆个护,SKU-580149,100.7,198.28,7,17,上架
796573,美妆个护-商品6573,美妆个护,SKU-796573,110.71,191.51,245,39,上架
4388796,运动户外-商品8796,运动户外,SKU-388796,132.14,253.75,316,23,上架
752214,家居日用-商品2214,家居日用,SKU-752214,32.51,68.7,398,20,上架
4120311,图书文创-商品0311,图书文创,SKU-120311,32.08,67.5,260,39,上架
438033,图书文创-商品8033,图书文创,SKU-438033,30.08,49.77,77,27,上架
898722,运动户外-商品8722,运动户外,SKU-898722,35.09,54.99,455,23,上架
2987322,服饰鞋包-商品7322,服饰鞋包,SKU-987322,79.23,168.84,210,35,上架
887061,美妆个护-商品7061,美妆个护,SKU-887061,146.51,227.68,165,27,上架
1497335,运动户外-商品7335,运动户外,SKU-497335,47.41,83.6,45,32,上架
1924632,运动户外-商品4632,运动户外,SKU-924632,113.62,184.61,77,32,上架
4205672,家居日用-商品5672,家居日用,SKU-205672,23.48,43.27,315,30,上架
334615,运动户外-商品4615,运动户外,SKU-334615,178.33,317.73,347,23,上架
1257002,运动户外-商品7002,运动户外,SKU-257002,39.31,76.59,60,15,上架
2356958,家居日用-商品6958,家居日用,SKU-356958,67.71,117.05,223,27,上架
3764250,家居日用-商品4250,家居日用,SKU-764250,33.46,63.0,148,17,上架
3828201,食品生鲜-商品8201,食品生鲜,SKU-828201,16.89,32.28,362,36,上架
241815,数码家电-商品1815,数码家电,SKU-241815,172.18,345.24,460,19,上架
1971928,母婴玩具-商品1928,母婴玩具,SKU-971928,38.96,63.01,156,31,上架
2794909,图书文创-商品4909,图书文创,SKU-794909,17.07,30.99,19,37,上架
2317493,食品生鲜-商品7493,食品生鲜,SKU-317493,26.96,49.67,289,25,上架
3485113,母婴玩具-商品5113,母婴玩具,SKU-485113,81.42,128.97,359,23,上架
3587619,图书文创-商品7619,图书文创,SKU-587619,22.21,41.91,119,18,上架
3303932,服饰鞋包-商品3932,服饰鞋包,SKU-303932,69.94,117.58,142,29,上架
3028327,服饰鞋包-商品8327,服饰鞋包,SKU-028327,79.35,156.34,27,31,上架
1112159,服饰鞋包-商品2159,服饰鞋包,SKU-112159,25.73,42.43,368,16,上架
412577,食品生鲜-商品2577,食品生鲜,SKU-412577,10.67,21.07,272,39,上架
2596950,家居日用-商品6950,家居日用,SKU-596950,19.27,42.1,343,15,上架
3991945,母婴玩具-商品1945,母婴玩具,SKU-991945,64.5,127.16,212,32,上架
4068279,图书文创-商品8279,图书文创,SKU-068279,23.25,42.66,313,34,上架
2694823,图书文创-商品4823,图书文创,SKU-694823,10.84,17.41,50,29,上架
3286876,美妆个护-商品6876,美妆个护,SKU-286876,129.47,257.44,187,39,上架
60514,图书文创-商品0514,图书文创,SKU-60514,11.55,18.92,85,17,上架
4117296,母婴玩具-商品7296,母婴玩具,SKU-117296,107.77,174.82,265,25,上架
3316959,美妆个护-商品6959,美妆个护,SKU-316959,107.76,171.32,43,30,上架
1834049,数码家电-商品4049,数码家电,SKU-834049,258.8,550.6,148,21,上架
2443155,运动户外-商品3155,运动户外,SKU-443155,134.29,224.08,209,21,上架
3584354,运动户外-商品4354,运动户外,SKU-584354,111.99,207.38,257,15,上架
4948640,运动户外-商品8640,运动户外,SKU-948640,61.24,120.26,182,36,上架
5037004,家居日用-商品7004,家居日用,SKU-037004,7.29,15.74,122,32,上架
2202729,服饰鞋包-商品2729,服饰鞋包,SKU-202729,51.41,109.91,18,31,上架
3652751,服饰鞋包-商品2751,服饰鞋包,SKU-652751,104.28,174.93,241,27,上架
439063,美妆个护-商品9063,美妆个护,SKU-439063,90.74,198.43,389,25,上架
1706745,家居日用-商品6745,家居日用,SKU-706745,46.67,103.47,141,23,上架
1850198,食品生鲜-商品0198,食品生鲜,SKU-850198,48.74,94.1,8,24,上架
3549495,服饰鞋包-商品9495,服饰鞋包,SKU-549495,88.27,137.04,236,35,上架
1706807,数码家电-商品6807,数码家电,SKU-706807,345.8,690.42,239,29,上架
3757664,食品生鲜-商品7664,食品生鲜,SKU-757664,11.38,24.62,211,28,上架
2125378,食品生鲜-商品5378,食品生鲜,SKU-125378,50.63,80.41,66,25,上架
504137,母婴玩具-商品4137,母婴玩具,SKU-504137,11.02,21.41,67,36,上架
4258467,运动户外-商品8467,运动户外,SKU-258467,28.71,49.8,158,20,上架
3179807,家居日用-商品9807,家居日用,SKU-179807,76.6,119.17,447,22,上架
2662520,服饰鞋包-商品2520,服饰鞋包,SKU-662520,90.57,182.1,394,32,上架
2366703,家居日用-商品6703,家居日用,SKU-366703,21.44,46.48,24,39,上架
1332973,数码家电-商品2973,数码家电,SKU-332973,109.47,179.25,363,29,上架
840127,美妆个护-商品0127,美妆个护,SKU-840127,116.81,204.29,192,33,上架
2667082,母婴玩具-商品7082,母婴玩具,SKU-667082,106.37,167.05,136,29,上架
1299608,母婴玩具-商品9608,母婴玩具,SKU-299608,43.28,84.31,453,19,上架
2304016,母婴玩具-商品4016,母婴玩具,SKU-304016,47.18,100.81,161,36,上架
2220235,食品生鲜-商品0235,食品生鲜,SKU-220235,44.44,86.4,416,29,上架
23239,数码家电-商品3239,数码家电,SKU-23239,297.75,657.46,303,30,上架
4886353,数码家电-商品6353,数码家电,SKU-886353,467.13,783.46,61,34,上架
234416,数码家电-商品4416,数码家电,SKU-234416,45.87,73.67,110,22,上架
4885484,数码家电-商品5484,数码家电,SKU-885484,479.76,869.38,398,29,上架
2732402,美妆个护-商品2402,美妆个护,SKU-732402,83.18,138.39,375,35,上架
1864800,母婴玩具-商品4800,母婴玩具,SKU-864800,82.31,139.32,202,22,上架
4056431,母婴玩具-商品6431,母婴玩具,SKU-056431,80.7,145.18,298,33,上架
3085361,美妆个护-商品5361,美妆个护,SKU-085361,24.82,52.43,370,34,上架
3184493,母婴玩具-商品4493,母婴玩具,SKU-184493,108.95,178.25,487,26,上架
4943608,运动户外-商品3608,运动户外,SKU-943608,35.36,55.73,463,15,上架
228081,食品生鲜-商品8081,食品生鲜,SKU-228081,37.9,71.22,27,28,上架
110425,服饰鞋包-商品0425,服饰鞋包,SKU-110425,66.32,109.36,416,25,上架
823894,食品生鲜-商品3894,食品生鲜,SKU-823894,51.4,84.25,388,27,上架
4113687,数码家电-商品3687,数码家电,SKU-113687,200.85,383.57,72,36,上架
914609,家居日用-商品4609,家居日用,SKU-914609,16.04,27.01,408,16,上架
4334371,食品生鲜-商品4371,食品生鲜,SKU-334371,19.22,32.76,161,25,上架
4660007,运动户外-商品0007,运动户外,SKU-660007,131.79,231.3,308,15,上架
2741165,服饰鞋包-商品1165,服饰鞋包,SKU-741165,60.22,110.92,2,26,上架
5027807,服饰鞋包-商品7807,服饰鞋包,SKU-027807,102.06,197.61,82,19,上架
4507660,母婴玩具-商品7660,母婴玩具,SKU-507660,12.83,20.68,333,30,上架
4397165,数码家电-商品7165,数码家电,SKU-397165,356.45,633.32,441,15,上架
4957722,运动户外-商品7722,运动户外,SKU-957722,160.6,261.62,159,27,上架
81069,图书文创-商品1069,图书文创,SKU-81069,39.04,62.97,105,15,上架
2618474,母婴玩具-商品8474,母婴玩具,SKU-618474,31.55,53.34,464,18,上架
3216276,图书文创-商品6276,图书文创,SKU-216276,9.27,14.8,68,20,上架
3942025,食品生鲜-商品2025,食品生鲜,SKU-942025,27.16,45.48,8,21,上架
2075326,美妆个护-商品5326,美妆个护,SKU-075326,60.1,105.55,406,26,上架
1014292,家居日用-商品4292,家居日用,SKU-014292,23.7,51.58,344,26,上架
4479792,美妆个护-商品9792,美妆个护,SKU-479792,143.96,262.93,484,27,上架
1685244,食品生鲜-商品5244,食品生鲜,SKU-685244,30.07,62.49,63,27,上架
566618,服饰鞋包-商品6618,服饰鞋包,SKU-566618,76.18,140.6,128,17,上架
1807534,服饰鞋包-商品7534,服饰鞋包,SKU-807534,90.17,175.4,91,33,上架
1211086,数码家电-商品1086,数码家电,SKU-211086,411.32,651.79,7,16,上架
1099671,图书文创-商品9671,图书文创,SKU-099671,31.71,49.88,24,35,上架
1861309,数码家电-商品1309,数码家电,SKU-861309,426.37,822.2,154,29,上架
4936983,家居日用-商品6983,家居日用,SKU-936983,54.73,99.94,444,35,上架
130920,服饰鞋包-商品0920,服饰鞋包,SKU-130920,44.16,86.71,328,26,上架
3911149,数码家电-商品1149,数码家电,SKU-911149,329.97,561.89,89,30,上架
452823,食品生鲜-商品2823,食品生鲜,SKU-452823,31.36,61.08,156,28,上架
1709191,服饰鞋包-商品9191,服饰鞋包,SKU-709191,60.75,105.19,82,23,上架
4779435,服饰鞋包-商品9435,服饰鞋包,SKU-779435,88.16,193.82,14,17,上架
4410218,美妆个护-商品0218,美妆个护,SKU-410218,22.92,42.31,384,34,上架
2780964,美妆个护-商品0964,美妆个护,SKU-780964,117.46,210.43,356,30,上架
4375892,数码家电-商品5892,数码家电,SKU-375892,418.13,813.09,321,24,上架
2929600,数码家电-商品9600,数码家电,SKU-929600,231.9,487.47,120,31,上架
1756541,家居日用-商品6541,家居日用,SKU-756541,73.82,151.31,424,31,上架
866476,数码家电-商品6476,数码家电,SKU-866476,250.27,547.56,396,31,上架
3866553,美妆个护-商品6553,美妆个护,SKU-866553,9.22,20.18,136,31,上架
3921517,运动户外-商品1517,运动户外,SKU-921517,212.75,390.51,162,17,上架
3602876,服饰鞋包-商品2876,服饰鞋包,SKU-602876,26.03,51.18,316,29,上架
97277,母婴玩具-商品7277,母婴玩具,SKU-97277,12.86,24.52,4,15,上架
2364545,母婴玩具-商品4545,母婴玩具,SKU-364545,19.86,42.46,120,37,上架
4683688,母婴玩具-商品3688,母婴玩具,SKU-683688,32.97,70.06,231,32,上架
3597671,服饰鞋包-商品7671,服饰鞋包,SKU-597671,88.96,144.01,193,17,上架
1388093,服饰鞋包-商品8093,服饰鞋包,SKU-388093,79.85,126.49,303,34,上架
4643047,美妆个护-商品3047,美妆个护,SKU-643047,53.25,111.58,116,29,上架
2438995,运动户外-商品8995,运动户外,SKU-438995,58.06,113.02,293,23,上架
3585260,母婴玩具-商品5260,母婴玩具,SKU-585260,58.79,124.6,335,19,上架
1394893,家居日用-商品4893,家居日用,SKU-394893,86.06,153.7,72,30,上架
99257,母婴玩具-商品9257,母婴玩具,SKU-99257,97.17,178.41,450,39,上架
3191929,家居日用-商品1929,家居日用,SKU-191929,81.39,147.95,38,29,上架
4781162,数码家电-商品1162,数码家电,SKU-781162,47.56,74.7,22,30,上架
3029652,服饰鞋包-商品9652,服饰鞋包,SKU-029652,46.0,73.76,397,21,上架
3379343,家居日用-商品9343,家居日用,SKU-379343,83.41,138.95,236,22,上架
17839,家居日用-商品7839,家居日用,SKU-17839,49.19,104.86,374,21,上架
1945593,服饰鞋包-商品5593,服饰鞋包,SKU-945593,84.41,150.1,476,15,上架
18304,食品生鲜-商品8304,食品生鲜,SKU-18304,37.22,65.51,94,33,上架
884676,家居日用-商品4676,家居日用,SKU-884676,51.18,82.68,317,36,上架
4371202,家居日用-商品1202,家居日用,SKU-371202,49.52,106.49,3,26,上架
1546004,服饰鞋包-商品6004,服饰鞋包,SKU-546004,46.63,89.03,439,32,上架
2501103,母婴玩具-商品1103,母婴玩具,SKU-501103,97.2,162.12,25,33,上架
2260037,家居日用-商品0037,家居日用,SKU-260037,67.61,131.34,193,21,上架
869872,家居日用-商品9872,家居日用,SKU-869872,72.22,138.67,4,17,上架
790896,数码家电-商品0896,数码家电,SKU-790896,239.64,417.36,485,17,上架
2902853,运动户外-商品2853,运动户外,SKU-902853,31.56,61.62,58,38,上架
3375041,食品生鲜-商品5041,食品生鲜,SKU-375041,12.43,20.27,33,36,上架
1579712,母婴玩具-商品9712,母婴玩具,SKU-579712,66.35,115.48,471,18,上架
4666197,母婴玩具-商品6197,母婴玩具,SKU-666197,20.39,45.06,298,37,上架
1970858,美妆个护-商品0858,美妆个护,SKU-970858,49.63,97.39,217,35,上架
4325943,数码家电-商品5943,数码家电,SKU-325943,209.85,434.54,285,18,上架
2710371,美妆个护-商品0371,美妆个护,SKU-710371,125.0,265.31,121,19,上架
4107954,美妆个护-商品7954,美妆个护,SKU-107954,28.72,62.02,195,20,上架
843103,母婴玩具-商品3103,母婴玩具,SKU-843103,113.71,175.82,333,21,上架
1622441,数码家电-商品2441,数码家电,SKU-622441,469.92,775.96,5,34,上架
859266,食品生鲜-商品9266,食品生鲜,SKU-859266,27.51,50.65,332,30,上架
3984200,运动户外-商品4200,运动户外,SKU-984200,90.0,165.47,110,28,上架
368393,美妆个护-商品8393,美妆个护,SKU-368393,9.05,19.52,3,16,上架
2777161,运动户外-商品7161,运动户外,SKU-777161,187.2,304.64,466,20,上架
4655766,数码家电-商品5766,数码家电,SKU-655766,288.38,569.58,477,18,上架
2705217,服饰鞋包-商品5217,服饰鞋包,SKU-705217,33.21,59.99,288,16,上架
2979334,食品生鲜-商品9334,食品生鲜,SKU-979334,15.41,25.07,152,24,上架
3964583,运动户外-商品4583,运动户外,SKU-964583,83.23,155.31,45,34,上架
3858307,美妆个护-商品8307,美妆个护,SKU-858307,68.64,128.84,178,39,上架
4066690,数码家电-商品6690,数码家电,SKU-066690,283.54,571.59,91,22,上架
547717,数码家电-商品7717,数码家电,SKU-547717,349.06,574.04,193,16,上架
4724525,图书文创-商品4525,图书文创,SKU-724525,22.45,47.13,320,35,上架
1985646,图书文创-商品5646,图书文创,SKU-985646,8.05,15.16,10,37,上架
3218589,家居日用-商品8589,家居日用,SKU-218589,20.96,32.28,410,20,上架
1208609,数码家电-商品8609,数码家电,SKU-208609,54.67,91.5,229,15,上架
410046,运动户外-商品0046,运动户外,SKU-410046,86.12,163.1,438,17,上架
5015102,图书文创-商品5102,图书文创,SKU-015102,15.52,33.15,329,15,上架
1126595,数码家电-商品6595,数码家电,SKU-126595,197.79,402.01,33,34,上架
2807773,运动户外-商品7773,运动户外,SKU-807773,120.11,258.07,201,15,上架
1856247,美妆个护-商品6247,美妆个护,SKU-856247,69.42,119.55,271,21,上架
2804553,美妆个护-商品4553,美妆个护,SKU-804553,102.35,191.45,143,16,上架
1666104,母婴玩具-商品6104,母婴玩具,SKU-666104,64.59,107.56,42,18,上架
193866,数码家电-商品3866,数码家电,SKU-193866,438.34,818.57,444,23,上架
1551221,数码家电-商品1221,数码家电,SKU-551221,74.31,158.46,22,24,上架
3345440,图书文创-商品5440,图书文创,SKU-345440,18.66,35.03,456,25,上架
483733,图书文创-商品3733,图书文创,SKU-483733,35.96,57.83,125,17,上架
3359969,母婴玩具-商品9969,母婴玩具,SKU-359969,83.01,136.93,429,21,上架
578935,数码家电-商品8935,数码家电,SKU-578935,43.72,88.76,44,31,上架
2421527,美妆个护-商品1527,美妆个护,SKU-421527,173.47,295.4,79,31,上架
5019106,母婴玩具-商品9106,母婴玩具,SKU-019106,48.01,87.94,196,26,上架
600295,数码家电-商品0295,数码家电,SKU-600295,228.53,378.06,28,39,上架
2271942,数码家电-商品1942,数码家电,SKU-271942,456.37,750.72,140,32,上架
3311483,美妆个护-商品1483,美妆个护,SKU-311483,118.23,212.8,77,28,上架
2112367,运动户外-商品2367,运动户外,SKU-112367,194.82,363.07,424,35,上架
154243,家居日用-商品4243,家居日用,SKU-154243,76.41,131.87,102,17,上架
4109541,母婴玩具-商品9541,母婴玩具,SKU-109541,11.84,23.68,327,19,上架
2598448,母婴玩具-商品8448,母婴玩具,SKU-598448,55.21,93.31,2,36,上架
1349016,美妆个护-商品9016,美妆个护,SKU-349016,17.73,31.94,114,27,上架
347204,母婴玩具-商品7204,母婴玩具,SKU-347204,51.45,95.0,141,33,上架
3593692,家居日用-商品3692,家居日用,SKU-593692,28.72,57.72,198,15,上架
3953710,美妆个护-商品3710,美妆个护,SKU-953710,122.39,229.17,175,23,上架
4048874,数码家电-商品8874,数码家电,SKU-048874,204.64,377.76,56,22,上架
28145,图书文创-商品8145,图书文创,SKU-28145,12.43,24.31,497,23,上架
2555908,运动户外-商品5908,运动户外,SKU-555908,40.1,85.31,311,30,上架
3970895,美妆个护-商品0895,美妆个护,SKU-970895,132.26,206.91,448,37,上架
3633759,运动户外-商品3759,运动户外,SKU-633759,143.66,269.62,376,26,上架
1473420,数码家电-商品3420,数码家电,SKU-473420,353.43,632.62,209,17,上架
1997887,家居日用-商品7887,家居日用,SKU-997887,21.6,34.33,295,33,上架
2893759,母婴玩具-商品3759,母婴玩具,SKU-893759,86.71,135.39,158,16,上架
2414818,数码家电-商品4818,数码家电,SKU-414818,379.46,699.96,186,38,上架
2143799,服饰鞋包-商品3799,服饰鞋包,SKU-143799,50.73,112.58,366,23,上架
234690,食品生鲜-商品4690,食品生鲜,SKU-234690,6.89,11.69,420,16,上架
4626061,母婴玩具-商品6061,母婴玩具,SKU-626061,57.31,126.75,330,18,上架
10724,母婴玩具-商品0724,母婴玩具,SKU-10724,55.52,123.17,131,39,上架
3934579,图书文创-商品4579,图书文创,SKU-934579,29.07,59.67,419,18,上架
3513856,家居日用-商品3856,家居日用,SKU-513856,16.87,32.19,176,32,上架
523969,服饰鞋包-商品3969,服饰鞋包,SKU-523969,86.49,171.29,405,18,上架
3992091,服饰鞋包-商品2091,服饰鞋包,SKU-992091,42.29,77.55,316,28,上架
429157,运动户外-商品9157,运动户外,SKU-429157,149.54,289.45,320,18,上架
4359063,母婴玩具-商品9063,母婴玩具,SKU-359063,29.28,62.41,81,38,上架
2035985,母婴玩具-商品5985,母婴玩具,SKU-035985,47.79,83.12,52,29,上架
2397985,美妆个护-商品7985,美妆个护,SKU-397985,90.6,169.06,362,36,上架
1705890,服饰鞋包-商品5890,服饰鞋包,SKU-705890,39.63,70.78,437,18,上架
4948256,服饰鞋包-商品8256,服饰鞋包,SKU-948256,39.27,60.48,30,34,上架
3217628,美妆个护-商品7628,美妆个护,SKU-217628,82.22,172.03,436,19,上架
3771336,母婴玩具-商品1336,母婴玩具,SKU-771336,67.81,150.02,187,17,上架
2653479,家居日用-商品3479,家居日用,SKU-653479,38.18,75.84,95,33,上架
2676163,家居日用-商品6163,家居日用,SKU-676163,48.23,93.37,19,30,上架
2149649,服饰鞋包-商品9649,服饰鞋包,SKU-149649,52.19,84.85,262,15,上架
1239068,运动户外-商品9068,运动户外,SKU-239068,55.11,100.72,499,19,上架
4945303,家居日用-商品5303,家居日用,SKU-945303,48.77,97.1,441,28,上架
1095113,服饰鞋包-商品5113,服饰鞋包,SKU-095113,62.64,134.57,15,23,上架
2127892,母婴玩具-商品7892,母婴玩具,SKU-127892,53.31,84.67,25,34,上架
1562666,美妆个护-商品2666,美妆个护,SKU-562666,139.56,288.52,181,25,上架
1728241,食品生鲜-商品8241,食品生鲜,SKU-728241,36.37,58.35,30,26,上架
614620,数码家电-商品4620,数码家电,SKU-614620,267.37,499.26,8,34,上架
3419397,图书文创-商品9397,图书文创,SKU-419397,9.17,17.87,364,26,上架
334940,数码家电-商品4940,数码家电,SKU-334940,94.3,182.63,338,27,上架
4884479,家居日用-商品4479,家居日用,SKU-884479,39.26,66.5,24,37,上架
3892517,运动户外-商品2517,运动户外,SKU-892517,220.01,342.39,465,30,上架
1498846,图书文创-商品8846,图书文创,SKU-498846,26.46,53.53,245,35,上架
2073058,图书文创-商品3058,图书文创,SKU-073058,30.63,57.89,375,27,上架
1684517,美妆个护-商品4517,美妆个护,SKU-684517,55.63,101.77,313,25,上架
2905957,食品生鲜-商品5957,食品生鲜,SKU-905957,28.35,48.16,94,15,上架
547160,家居日用-商品7160,家居日用,SKU-547160,48.05,94.39,315,31,上架
2324414,服饰鞋包-商品4414,服饰鞋包,SKU-324414,37.43,65.88,391,25,上架
2489214,服饰鞋包-商品9214,服饰鞋包,SKU-489214,86.81,187.76,326,27,上架
3601388,服饰鞋包-商品1388,服饰鞋包,SKU-601388,37.6,58.25,2,31,上架
1951401,家居日用-商品1401,家居日用,SKU-951401,31.47,63.62,14,20,上架
4678420,母婴玩具-商品8420,母婴玩具,SKU-678420,90.98,144.8,271,27,上架
1326888,母婴玩具-商品6888,母婴玩具,SKU-326888,14.75,23.64,427,17,上架
3261270,母婴玩具-商品1270,母婴玩具,SKU-261270,83.46,156.06,66,39,上架
325941,食品生鲜-商品5941,食品生鲜,SKU-325941,20.59,35.61,440,34,上架
2460757,母婴玩具-商品0757,母婴玩具,SKU-460757,106.4,184.83,342,18,上架
4337988,服饰鞋包-商品7988,服饰鞋包,SKU-337988,110.84,174.85,265,24,上架
1382649,食品生鲜-商品2649,食品生鲜,SKU-382649,14.74,23.47,194,15,上架
3919004,母婴玩具-商品9004,母婴玩具,SKU-919004,67.84,117.92,482,27,上架
4384912,美妆个护-商品4912,美妆个护,SKU-384912,108.13,206.08,30,35,上架
1572186,图书文创-商品2186,图书文创,SKU-572186,18.57,39.33,213,27,上架
362502,运动户外-商品2502,运动户外,SKU-362502,151.43,261.53,163,29,上架
1788906,家居日用-商品8906,家居日用,SKU-788906,60.06,96.12,20,35,上架
4810027,运动户外-商品0027,运动户外,SKU-810027,80.44,142.57,3,25,上架
581509,食品生鲜-商品1509,食品生鲜,SKU-581509,8.57,13.39,164,36,上架
4249765,食品生鲜-商品9765,食品生鲜,SKU-249765,39.94,83.81,48,33,上架
3946294,家居日用-商品6294,家居日用,SKU-946294,48.94,88.12,229,29,上架
5130331,家居日用-商品0331,家居日用,SKU-130331,84.35,137.89,497,39,上架
2788503,数码家电-商品8503,数码家电,SKU-788503,91.58,201.49,392,33,上架
1434370,食品生鲜-商品4370,食品生鲜,SKU-434370,15.71,27.45,31,24,上架
3224404,食品生鲜-商品4404,食品生鲜,SKU-224404,55.94,87.1,344,30,上架
1053163,美妆个护-商品3163,美妆个护,SKU-053163,32.54,66.8,20,32,上架
2474985,食品生鲜-商品4985,食品生鲜,SKU-474985,31.34,48.57,273,31,上架
4522037,家居日用-商品2037,家居日用,SKU-522037,7.36,15.84,286,18,上架
1372863,运动户外-商品2863,运动户外,SKU-372863,58.23,107.73,0,17,上架
4755682,食品生鲜-商品5682,食品生鲜,SKU-755682,39.87,68.62,15,25,上架
3334450,数码家电-商品4450,数码家电,SKU-334450,127.35,240.86,243,19,上架
667682,数码家电-商品7682,数码家电,SKU-667682,54.03,96.25,125,31,上架
2533652,美妆个护-商品3652,美妆个护,SKU-533652,159.91,259.0,292,29,上架
4732412,美妆个护-商品2412,美妆个护,SKU-732412,124.11,209.91,26,31,上架
2836196,食品生鲜-商品6196,食品生鲜,SKU-836196,55.19,94.6,17,19,上架
597992,母婴玩具-商品7992,母婴玩具,SKU-597992,92.95,163.81,155,37,上架
265985,服饰鞋包-商品5985,服饰鞋包,SKU-265985,58.68,107.97,115,24,上架
342419,服饰鞋包-商品2419,服饰鞋包,SKU-342419,33.76,60.88,52,15,上架
1884224,服饰鞋包-商品4224,服饰鞋包,SKU-884224,42.68,90.39,332,36,上架
406546,家居日用-商品6546,家居日用,SKU-406546,60.74,113.31,304,25,上架
888425,服饰鞋包-商品8425,服饰鞋包,SKU-888425,99.68,188.13,291,15,上架
4123885,食品生鲜-商品3885,食品生鲜,SKU-123885,44.21,78.85,397,31,上架
2116130,美妆个护-商品6130,美妆个护,SKU-116130,128.02,273.91,9,31,上架
1635400,美妆个护-商品5400,美妆个护,SKU-635400,32.12,58.02,114,22,上架
2816251,美妆个护-商品6251,美妆个护,SKU-816251,82.99,145.78,15,20,上架
1425149,食品生鲜-商品5149,食品生鲜,SKU-425149,40.92,67.31,27,36,上架
3153601,美妆个护-商品3601,美妆个护,SKU-153601,118.77,258.54,22,36,上架
4932147,家居日用-商品2147,家居日用,SKU-932147,44.03,70.16,390,22,上架
1958894,食品生鲜-商品8894,食品生鲜,SKU-958894,44.99,91.95,215,21,上架
4898965,母婴玩具-商品8965,母婴玩具,SKU-898965,78.65,152.56,199,18,上架
89936,食品生鲜-商品9936,食品生鲜,SKU-89936,41.45,67.77,271,19,上架
4525725,图书文创-商品5725,图书文创,SKU-525725,38.6,63.57,279,34,上架
4270301,美妆个护-商品0301,美妆个护,SKU-270301,162.71,281.06,29,36,上架
2492847,家居日用-商品2847,家居日用,SKU-492847,35.37,55.7,274,38,上架
1972511,家居日用-商品2511,家居日用,SKU-972511,58.71,121.35,276,31,上架
5105481,家居日用-商品5481,家居日用,SKU-105481,9.59,20.09,346,22,上架
4737773,图书文创-商品7773,图书文创,SKU-737773,39.18,68.42,443,38,上架
4540233,食品生鲜-商品0233,食品生鲜,SKU-540233,40.82,71.29,140,38,上架
2974274,服饰鞋包-商品4274,服饰鞋包,SKU-974274,36.38,71.52,67,27,上架
4520041,服饰鞋包-商品0041,服饰鞋包,SKU-520041,40.08,62.87,365,21,上架
1429790,数码家电-商品9790,数码家电,SKU-429790,225.52,463.31,120,15,上架
4362782,数码家电-商品2782,数码家电,SKU-362782,241.66,430.76,9,16,上架
2113845,图书文创-商品3845,图书文创,SKU-113845,17.66,27.17,166,36,上架
5134408,食品生鲜-商品4408,食品生鲜,SKU-134408,37.39,61.41,170,33,上架
4677430,母婴玩具-商品7430,母婴玩具,SKU-677430,29.56,59.4,74,34,上架
3563468,美妆个护-商品3468,美妆个护,SKU-563468,25.25,53.66,481,30,上架
1851490,数码家电-商品1490,数码家电,SKU-851490,239.11,509.59,28,37,上架
4360347,数码家电-商品0347,数码家电,SKU-360347,186.77,402.98,137,19,上架
1584527,数码家电-商品4527,数码家电,SKU-584527,416.48,694.53,12,22,上架
4880025,美妆个护-商品0025,美妆个护,SKU-880025,123.64,266.08,2,35,上架
1150190,食品生鲜-商品0190,食品生鲜,SKU-150190,7.64,11.88,293,17,上架
2388902,母婴玩具-商品8902,母婴玩具,SKU-388902,24.59,46.27,18,27,上架
4550531,家居日用-商品0531,家居日用,SKU-550531,12.97,26.0,361,36,上架
3914997,运动户外-商品4997,运动户外,SKU-914997,107.1,182.57,236,29,上架
505125,运动户外-商品5125,运动户外,SKU-505125,94.13,153.97,281,22,上架
2984520,食品生鲜-商品4520,食品生鲜,SKU-984520,10.96,20.98,11,31,上架
1181016,母婴玩具-商品1016,母婴玩具,SKU-181016,36.56,61.82,379,35,上架
1415493,美妆个护-商品5493,美妆个护,SKU-415493,55.92,100.05,367,21,上架
3590539,母婴玩具-商品0539,母婴玩具,SKU-590539,114.59,187.55,292,22,上架
622226,家居日用-商品2226,家居日用,SKU-622226,68.07,135.5,466,28,上架
3009507,母婴玩具-商品9507,母婴玩具,SKU-009507,72.55,121.6,203,26,上架
68430,母婴玩具-商品8430,母婴玩具,SKU-68430,11.87,25.49,237,37,上架
3977352,数码家电-商品7352,数码家电,SKU-977352,176.8,313.36,464,15,上架
2657558,运动户外-商品7558,运动户外,SKU-657558,182.71,388.47,382,16,上架
4632344,数码家电-商品2344,数码家电,SKU-632344,219.59,459.49,259,18,上架
1552681,母婴玩具-商品2681,母婴玩具,SKU-552681,25.26,40.12,70,29,上架
1764973,母婴玩具-商品4973,母婴玩具,SKU-764973,15.95,25.82,224,33,上架
3260161,母婴玩具-商品0161,母婴玩具,SKU-260161,103.03,195.83,428,22,上架
1739464,数码家电-商品9464,数码家电,SKU-739464,336.57,703.88,476,25,上架
3665177,图书文创-商品5177,图书文创,SKU-665177,10.99,18.18,142,29,上架
2614978,美妆个护-商品4978,美妆个护,SKU-614978,61.84,125.57,430,21,上架
4182041,美妆个护-商品2041,美妆个护,SKU-182041,117.85,197.29,361,34,上架
589614,美妆个护-商品9614,美妆个护,SKU-589614,52.1,98.22,216,18,上架
3863693,食品生鲜-商品3693,食品生鲜,SKU-863693,26.46,55.82,160,30,上架
5077996,运动户外-商品7996,运动户外,SKU-077996,238.61,390.46,448,32,上架
2832158,美妆个护-商品2158,美妆个护,SKU-832158,117.1,232.6,87,19,上架
4120557,服饰鞋包-商品0557,服饰鞋包,SKU-120557,34.84,65.92,215,29,上架
1258304,服饰鞋包-商品8304,服饰鞋包,SKU-258304,89.58,177.6,242,37,上架
2075478,数码家电-商品5478,数码家电,SKU-075478,127.26,203.34,393,35,上架
2805322,运动户外-商品5322,运动户外,SKU-805322,209.83,371.25,232,31,上架
2956120,服饰鞋包-商品6120,服饰鞋包,SKU-956120,93.29,146.0,71,23,上架
2650307,数码家电-商品0307,数码家电,SKU-650307,302.79,549.78,252,30,上架
4474338,母婴玩具-商品4338,母婴玩具,SKU-474338,44.8,89.38,11,28,上架
3479625,母婴玩具-商品9625,母婴玩具,SKU-479625,74.48,162.9,408,26,上架
2954470,母婴玩具-商品4470,母婴玩具,SKU-954470,45.21,91.13,46,28,上架
2462166,运动户外-商品2166,运动户外,SKU-462166,106.71,200.77,432,20,上架
42496,图书文创-商品2496,图书文创,SKU-42496,19.95,32.94,200,35,上架
4955132,食品生鲜-商品5132,食品生鲜,SKU-955132,27.49,44.66,473,23,上架
1706165,母婴玩具-商品6165,母婴玩具,SKU-706165,80.01,172.15,7,19,上架
4113505,服饰鞋包-商品3505,服饰鞋包,SKU-113505,48.45,93.58,345,20,上架
3677049,数码家电-商品7049,数码家电,SKU-677049,378.04,650.38,106,38,上架
1559429,服饰鞋包-商品9429,服饰鞋包,SKU-559429,26.11,53.29,21,26,上架
5108025,美妆个护-商品8025,美妆个护,SKU-108025,53.58,83.61,160,36,上架
2795108,数码家电-商品5108,数码家电,SKU-795108,61.35,112.84,356,15,上架
1727986,食品生鲜-商品7986,食品生鲜,SKU-727986,16.9,30.68,78,15,上架
1255479,美妆个护-商品5479,美妆个护,SKU-255479,87.0,173.34,286,21,上架
639339,运动户外-商品9339,运动户外,SKU-639339,175.27,318.61,190,38,上架
2405091,食品生鲜-商品5091,食品生鲜,SKU-405091,26.4,41.34,178,39,上架
575277,图书文创-商品5277,图书文创,SKU-575277,18.95,32.25,257,29,上架
2860395,运动户外-商品0395,运动户外,SKU-860395,103.09,191.94,227,22,上架
3328989,运动户外-商品8989,运动户外,SKU-328989,81.64,137.18,148,38,上架
449939,母婴玩具-商品9939,母婴玩具,SKU-449939,26.25,42.35,371,39,上架
3943031,母婴玩具-商品3031,母婴玩具,SKU-943031,40.27,82.8,366,19,上架
2448739,食品生鲜-商品8739,食品生鲜,SKU-448739,52.62,95.3,124,22,上架
2224412,运动户外-商品4412,运动户外,SKU-224412,53.24,117.52,264,28,上架
1418524,美妆个护-商品8524,美妆个护,SKU-418524,51.08,95.01,11,30,上架
1540131,食品生鲜-商品0131,食品生鲜,SKU-540131,39.45,75.32,20,22,上架
3300865,食品生鲜-商品0865,食品生鲜,SKU-300865,19.85,34.66,371,22,上架
5075207,美妆个护-商品5207,美妆个护,SKU-075207,113.62,185.82,120,34,上架
4798835,数码家电-商品8835,数码家电,SKU-798835,474.71,746.7,374,35,上架
337222,数码家电-商品7222,数码家电,SKU-337222,51.38,80.43,85,31,上架
4193186,数码家电-商品3186,数码家电,SKU-193186,52.61,86.45,14,39,上架
5145325,母婴玩具-商品5325,母婴玩具,SKU-145325,32.47,60.57,285,27,上架
1773210,数码家电-商品3210,数码家电,SKU-773210,443.03,782.15,262,22,上架
1325619,母婴玩具-商品5619,母婴玩具,SKU-325619,78.54,142.82,187,22,上架
228430,美妆个护-商品8430,美妆个护,SKU-228430,117.45,258.85,271,32,上架
863703,食品生鲜-商品3703,食品生鲜,SKU-863703,40.45,69.87,361,21,上架
415214,母婴玩具-商品5214,母婴玩具,SKU-415214,47.11,73.67,312,22,上架
5098864,美妆个护-商品8864,美妆个护,SKU-098864,91.42,181.52,134,39,上架
4823575,母婴玩具-商品3575,母婴玩具,SKU-823575,75.53,158.88,440,24,上架
4729319,数码家电-商品9319,数码家电,SKU-729319,274.75,433.68,260,17,上架
3817617,数码家电-商品7617,数码家电,SKU-817617,308.23,647.35,89,26,上架
3108496,图书文创-商品8496,图书文创,SKU-108496,11.44,23.06,429,16,上架
3063357,数码家电-商品3357,数码家电,SKU-063357,205.46,346.04,92,25,上架
829923,运动户外-商品9923,运动户外,SKU-829923,235.93,377.37,481,15,上架
2942236,数码家电-商品2236,数码家电,SKU-942236,124.85,239.61,12,22,上架
3246591,数码家电-商品6591,数码家电,SKU-246591,179.0,322.19,380,20,上架
285518,图书文创-商品5518,图书文创,SKU-285518,6.33,13.02,1,21,上架
1982534,运动户外-商品2534,运动户外,SKU-982534,158.12,303.25,297,15,上架
317843,食品生鲜-商品7843,食品生鲜,SKU-317843,31.72,69.84,27,27,上架
1185909,图书文创-商品5909,图书文创,SKU-185909,18.0,38.96,209,19,上架
3055426,母婴玩具-商品5426,母婴玩具,SKU-055426,16.57,32.19,86,33,上架
3248816,数码家电-商品8816,数码家电,SKU-248816,231.7,421.16,16,22,上架
3768957,服饰鞋包-商品8957,服饰鞋包,SKU-768957,105.82,182.24,344,19,上架
3235903,母婴玩具-商品5903,母婴玩具,SKU-235903,67.09,125.34,197,35,上架
3006793,数码家电-商品6793,数码家电,SKU-006793,438.97,755.83,17,22,上架
3369849,运动户外-商品9849,运动户外,SKU-369849,103.77,176.73,318,36,上架
2711121,运动户外-商品1121,运动户外,SKU-711121,189.45,356.95,90,28,上架
3769601,数码家电-商品9601,数码家电,SKU-769601,227.39,370.45,395,21,上架
5031915,食品生鲜-商品1915,食品生鲜,SKU-031915,46.14,83.41,343,19,上架
2452388,数码家电-商品2388,数码家电,SKU-452388,485.59,893.81,254,18,上架
128903,数码家电-商品8903,数码家电,SKU-128903,206.84,359.39,118,34,上架
1131455,数码家电-商品1455,数码家电,SKU-131455,201.32,349.48,448,16,上架
1515627,数码家电-商品5627,数码家电,SKU-515627,152.98,301.62,340,35,上架
985510,食品生鲜-商品5510,食品生鲜,SKU-985510,10.59,16.86,289,25,上架
1951215,美妆个护-商品1215,美妆个护,SKU-951215,119.47,228.37,367,23,上架
430580,母婴玩具-商品0580,母婴玩具,SKU-430580,33.66,69.05,145,31,上架
1575194,数码家电-商品5194,数码家电,SKU-575194,280.47,481.5,246,30,上架
3827051,美妆个护-商品7051,美妆个护,SKU-827051,106.04,217.82,60,27,上架
4070208,服饰鞋包-商品0208,服饰鞋包,SKU-070208,63.54,119.19,456,35,上架
3877996,服饰鞋包-商品7996,服饰鞋包,SKU-877996,99.85,161.08,11,29,上架
3886923,图书文创-商品6923,图书文创,SKU-886923,18.02,38.35,263,39,上架
698592,母婴玩具-商品8592,母婴玩具,SKU-698592,65.29,119.7,234,30,上架
1904274,食品生鲜-商品4274,食品生鲜,SKU-904274,20.1,32.63,127,27,上架
523744,母婴玩具-商品3744,母婴玩具,SKU-523744,70.03,142.59,6,27,上架
404630,数码家电-商品4630,数码家电,SKU-404630,399.62,725.8,413,32,上架
3569718,家居日用-商品9718,家居日用,SKU-569718,61.93,99.77,367,19,上架
1033405,母婴玩具-商品3405,母婴玩具,SKU-033405,103.49,176.21,303,15,上架
4125677,数码家电-商品5677,数码家电,SKU-125677,182.98,322.43,24,29,上架
4626472,服饰鞋包-商品6472,服饰鞋包,SKU-626472,21.07,41.62,39,34,上架
1092203,食品生鲜-商品2203,食品生鲜,SKU-092203,19.87,35.96,81,19,上架
5100508,运动户外-商品0508,运动户外,SKU-100508,190.48,398.47,155,21,上架
4130155,母婴玩具-商品0155,母婴玩具,SKU-130155,29.12,46.51,113,27,上架
1053800,数码家电-商品3800,数码家电,SKU-053800,392.35,625.15,400,29,上架
4603518,运动户外-商品3518,运动户外,SKU-603518,214.16,341.13,319,37,上架
2650782,数码家电-商品0782,数码家电,SKU-650782,68.82,142.59,89,21,上架
2534523,运动户外-商品4523,运动户外,SKU-534523,141.4,219.3,444,27,上架
839441,数码家电-商品9441,数码家电,SKU-839441,451.27,774.78,446,29,上架
2579282,食品生鲜-商品9282,食品生鲜,SKU-579282,43.04,91.54,4,23,上架
1906885,美妆个护-商品6885,美妆个护,SKU-906885,104.88,176.69,280,34,上架
52636,母婴玩具-商品2636,母婴玩具,SKU-52636,91.98,195.27,75,31,上架
2506913,美妆个护-商品6913,美妆个护,SKU-506913,20.37,37.65,419,37,上架
35000,运动户外-商品5000,运动户外,SKU-35000,56.59,105.02,452,26,上架
552996,运动户外-商品2996,运动户外,SKU-552996,171.12,324.91,419,19,上架
1859951,图书文创-商品9951,图书文创,SKU-859951,20.47,33.82,246,31,上架
4064034,图书文创-商品4034,图书文创,SKU-064034,19.11,33.36,47,21,上架
2764406,服饰鞋包-商品4406,服饰鞋包,SKU-764406,91.59,195.69,494,27,上架
3950092,食品生鲜-商品0092,食品生鲜,SKU-950092,5.43,12.06,358,35,上架
5136894,美妆个护-商品6894,美妆个护,SKU-136894,40.48,66.08,276,15,上架
3988018,运动户外-商品8018,运动户外,SKU-988018,95.5,208.81,428,25,上架
3631897,服饰鞋包-商品1897,服饰鞋包,SKU-631897,65.81,102.0,78,21,上架
1542149,食品生鲜-商品2149,食品生鲜,SKU-542149,35.42,55.74,459,17,上架
743380,数码家电-商品3380,数码家电,SKU-743380,366.38,572.59,402,15,上架
2742455,家居日用-商品2455,家居日用,SKU-742455,27.43,42.78,37,25,上架
954365,运动户外-商品4365,运动户外,SKU-954365,91.65,191.78,312,19,上架
1164412,服饰鞋包-商品4412,服饰鞋包,SKU-164412,30.67,64.26,497,23,上架
3015033,服饰鞋包-商品5033,服饰鞋包,SKU-015033,103.87,176.72,171,33,上架
2028434,美妆个护-商品8434,美妆个护,SKU-028434,98.22,201.29,155,16,上架
4466165,母婴玩具-商品6165,母婴玩具,SKU-466165,46.16,71.11,19,33,上架
300124,家居日用-商品0124,家居日用,SKU-300124,13.02,20.14,223,17,上架
4901887,图书文创-商品1887,图书文创,SKU-901887,11.39,20.45,150,32,上架
1037315,服饰鞋包-商品7315,服饰鞋包,SKU-037315,93.04,177.11,138,38,上架
98684,数码家电-商品8684,数码家电,SKU-98684,324.12,533.93,233,19,上架
3827021,美妆个护-商品7021,美妆个护,SKU-827021,12.96,20.92,386,39,上架
4368782,美妆个护-商品8782,美妆个护,SKU-368782,63.18,114.68,326,24,上架
719436,服饰鞋包-商品9436,服饰鞋包,SKU-719436,114.9,187.88,387,29,上架
3077270,母婴玩具-商品7270,母婴玩具,SKU-077270,61.88,104.82,11,36,上架
3934593,数码家电-商品4593,数码家电,SKU-934593,105.7,218.03,406,21,上架
3171268,美妆个护-商品1268,美妆个护,SKU-171268,123.2,198.19,379,22,上架
3497623,母婴玩具-商品7623,母婴玩具,SKU-497623,81.0,162.08,361,33,上架
2112120,运动户外-商品2120,运动户外,SKU-112120,117.22,243.98,489,29,上架
1392922,运动户外-商品2922,运动户外,SKU-392922,158.0,275.78,333,28,上架
5061637,图书文创-商品1637,图书文创,SKU-061637,23.2,39.11,32,36,上架
4334101,数码家电-商品4101,数码家电,SKU-334101,152.52,244.38,26,29,上架
1058623,母婴玩具-商品8623,母婴玩具,SKU-058623,44.2,72.54,190,15,上架
4895761,运动户外-商品5761,运动户外,SKU-895761,144.46,272.59,183,17,上架
1545793,数码家电-商品5793,数码家电,SKU-545793,172.14,322.42,139,36,上架
4744758,母婴玩具-商品4758,母婴玩具,SKU-744758,69.89,111.92,408,18,上架
1273370,美妆个护-商品3370,美妆个护,SKU-273370,85.47,159.85,17,36,上架
2100054,家居日用-商品0054,家居日用,SKU-100054,46.11,89.24,53,28,上架
1813343,母婴玩具-商品3343,母婴玩具,SKU-813343,54.21,103.47,496,39,上架
2533563,食品生鲜-商品3563,食品生鲜,SKU-533563,20.84,40.86,494,35,上架
1374600,家居日用-商品4600,家居日用,SKU-374600,50.47,98.81,100,18,上架
5029825,服饰鞋包-商品9825,服饰鞋包,SKU-029825,102.58,158.06,410,37,上架
1118788,图书文创-商品8788,图书文创,SKU-118788,10.46,18.72,105,29,上架
3097613,家居日用-商品7613,家居日用,SKU-097613,25.78,49.2,318,36,上架
4554260,图书文创-商品4260,图书文创,SKU-554260,10.9,19.46,251,18,上架
3350972,家居日用-商品0972,家居日用,SKU-350972,32.5,70.79,432,37,上架
2194470,家居日用-商品4470,家居日用,SKU-194470,27.61,55.42,256,38,上架
4215724,数码家电-商品5724,数码家电,SKU-215724,235.92,454.23,249,24,上架
4374524,数码家电-商品4524,数码家电,SKU-374524,96.03,160.04,356,35,上架
2101968,食品生鲜-商品1968,食品生鲜,SKU-101968,9.03,14.73,110,30,上架
2601044,美妆个护-商品1044,美妆个护,SKU-601044,58.56,103.54,447,39,上架
1849192,服饰鞋包-商品9192,服饰鞋包,SKU-849192,57.59,94.41,9,27,上架
1820590,数码家电-商品0590,数码家电,SKU-820590,318.36,661.12,134,26,上架
2746125,服饰鞋包-商品6125,服饰鞋包,SKU-746125,26.74,48.96,322,22,上架
1129771,运动户外-商品9771,运动户外,SKU-129771,116.38,196.7,5,30,上架
2698998,数码家电-商品8998,数码家电,SKU-698998,123.5,195.5,28,21,上架
3813320,图书文创-商品3320,图书文创,SKU-813320,18.24,28.41,17,17,上架
3195564,食品生鲜-商品5564,食品生鲜,SKU-195564,42.8,67.66,214,30,上架
4413170,数码家电-商品3170,数码家电,SKU-413170,138.48,262.44,147,32,上架
226652,运动户外-商品6652,运动户外,SKU-226652,97.11,181.98,436,15,上架
3591220,母婴玩具-商品1220,母婴玩具,SKU-591220,46.22,102.0,360,32,上架
579037,美妆个护-商品9037,美妆个护,SKU-579037,56.26,116.53,25,22,上架
2469300,食品生鲜-商品9300,食品生鲜,SKU-469300,42.04,80.92,354,39,上架
481173,图书文创-商品1173,图书文创,SKU-481173,12.84,28.47,379,29,上架
2066677,美妆个护-商品6677,美妆个护,SKU-066677,121.7,193.99,383,32,上架
2923352,运动户外-商品3352,运动户外,SKU-923352,172.18,334.56,202,35,上架
460894,母婴玩具-商品0894,母婴玩具,SKU-460894,80.77,153.72,238,26,上架
1474789,图书文创-商品4789,图书文创,SKU-474789,36.8,60.89,45,35,上架
3055001,食品生鲜-商品5001,食品生鲜,SKU-055001,14.23,22.98,453,19,上架
2396785,食品生鲜-商品6785,食品生鲜,SKU-396785,10.1,16.97,76,28,上架
4638382,食品生鲜-商品8382,食品生鲜,SKU-638382,54.31,88.39,226,36,上架
3411306,美妆个护-商品1306,美妆个护,SKU-411306,143.26,259.94,156,29,上架
1982142,运动户外-商品2142,运动户外,SKU-982142,51.84,100.83,202,23,上架
1762970,运动户外-商品2970,运动户外,SKU-762970,78.92,148.18,169,16,上架
5117293,服饰鞋包-商品7293,服饰鞋包,SKU-117293,81.71,159.88,197,33,上架
518814,食品生鲜-商品8814,食品生鲜,SKU-518814,52.4,82.1,34,38,上架
23169,家居日用-商品3169,家居日用,SKU-23169,10.96,18.75,365,35,上架
152286,图书文创-商品2286,图书文创,SKU-152286,10.09,17.78,346,28,上架
2957196,图书文创-商品7196,图书文创,SKU-957196,21.63,40.93,6,22,上架
49210,图书文创-商品9210,图书文创,SKU-49210,13.87,23.31,442,22,上架
3783652,数码家电-商品3652,数码家电,SKU-783652,40.75,79.61,4,37,上架
4658263,图书文创-商品8263,图书文创,SKU-658263,19.84,32.11,15,21,上架
3116097,运动户外-商品6097,运动户外,SKU-116097,116.07,239.82,381,30,上架
3014483,图书文创-商品4483,图书文创,SKU-014483,36.89,60.59,282,22,上架
3474963,美妆个护-商品4963,美妆个护,SKU-474963,13.88,30.37,271,38,上架
1155296,图书文创-商品5296,图书文创,SKU-155296,25.6,45.06,125,23,上架
1354952,美妆个护-商品4952,美妆个护,SKU-354952,127.66,266.57,342,31,上架
1613165,运动户外-商品3165,运动户外,SKU-613165,176.87,391.91,162,34,上架
635490,家居日用-商品5490,家居日用,SKU-635490,59.75,100.73,299,18,上架
4408468,母婴玩具-商品8468,母婴玩具,SKU-408468,105.96,194.79,269,25,上架
3627361,服饰鞋包-商品7361,服饰鞋包,SKU-627361,114.19,183.55,37,24,上架
2244039,服饰鞋包-商品4039,服饰鞋包,SKU-244039,72.04,116.59,208,27,上架
1296883,美妆个护-商品6883,美妆个护,SKU-296883,108.28,195.54,484,23,上架
195622,家居日用-商品5622,家居日用,SKU-195622,64.29,123.7,75,24,上架
3849295,服饰鞋包-商品9295,服饰鞋包,SKU-849295,18.59,31.82,99,36,上架
3915737,食品生鲜-商品5737,食品生鲜,SKU-915737,32.73,52.31,16,29,上架
862621,美妆个护-商品2621,美妆个护,SKU-862621,86.98,192.24,396,21,上架
3172409,美妆个护-商品2409,美妆个护,SKU-172409,158.21,288.57,220,15,上架
4551045,美妆个护-商品1045,美妆个护,SKU-551045,115.14,238.54,6,35,上架
425789,服饰鞋包-商品5789,服饰鞋包,SKU-425789,47.55,78.46,354,15,上架
398593,母婴玩具-商品8593,母婴玩具,SKU-398593,19.78,36.77,227,30,上架
3200672,美妆个护-商品0672,美妆个护,SKU-200672,45.77,94.73,146,16,上架
575727,图书文创-商品5727,图书文创,SKU-575727,22.42,44.87,9,20,上架
1287188,图书文创-商品7188,图书文创,SKU-287188,32.15,60.32,495,34,上架
2592918,数码家电-商品2918,数码家电,SKU-592918,286.31,556.74,223,20,上架
4117084,食品生鲜-商品7084,食品生鲜,SKU-117084,12.86,24.4,247,29,上架
290531,运动户外-商品0531,运动户外,SKU-290531,74.09,133.53,228,31,上架
1559287,服饰鞋包-商品9287,服饰鞋包,SKU-559287,90.27,152.66,14,34,上架
3614958,母婴玩具-商品4958,母婴玩具,SKU-614958,52.81,102.84,20,23,上架
3523958,美妆个护-商品3958,美妆个护,SKU-523958,18.35,31.05,272,20,上架
325285,美妆个护-商品5285,美妆个护,SKU-325285,21.15,41.31,107,23,上架
16220,食品生鲜-商品6220,食品生鲜,SKU-16220,24.24,39.06,18,32,上架
3656421,服饰鞋包-商品6421,服饰鞋包,SKU-656421,119.2,198.79,114,36,上架
3671475,美妆个护-商品1475,美妆个护,SKU-671475,146.13,251.18,430,26,上架
799031,图书文创-商品9031,图书文创,SKU-799031,19.07,32.46,8,22,上架
857678,家居日用-商品7678,家居日用,SKU-857678,46.15,72.49,318,35,上架
4408147,数码家电-商品8147,数码家电,SKU-408147,357.02,677.66,48,25,上架
2602285,美妆个护-商品2285,美妆个护,SKU-602285,92.26,184.52,94,33,上架
1185708,美妆个护-商品5708,美妆个护,SKU-185708,60.84,95.35,355,23,上架
61372,运动户外-商品1372,运动户外,SKU-61372,246.52,393.04,232,38,上架
481028,食品生鲜-商品1028,食品生鲜,SKU-481028,6.88,11.84,372,33,上架
731765,美妆个护-商品1765,美妆个护,SKU-731765,80.83,162.56,110,32,上架
4207354,食品生鲜-商品7354,食品生鲜,SKU-207354,11.24,19.04,305,19,上架
407262,食品生鲜-商品7262,食品生鲜,SKU-407262,20.36,42.25,12,18,上架
2142712,图书文创-商品2712,图书文创,SKU-142712,17.58,33.92,178,15,上架
665814,家居日用-商品5814,家居日用,SKU-665814,94.79,147.1,18,33,上架
2499287,食品生鲜-商品9287,食品生鲜,SKU-499287,19.78,30.86,485,28,上架
2135665,母婴玩具-商品5665,母婴玩具,SKU-135665,64.35,114.57,350,31,上架
2411192,服饰鞋包-商品1192,服饰鞋包,SKU-411192,45.79,101.06,137,25,上架
126664,母婴玩具-商品6664,母婴玩具,SKU-126664,45.23,92.97,247,36,上架
1857391,运动户外-商品7391,运动户外,SKU-857391,157.73,247.63,32,34,上架
2507978,母婴玩具-商品7978,母婴玩具,SKU-507978,95.56,186.78,120,22,上架
2884281,美妆个护-商品4281,美妆个护,SKU-884281,98.15,164.51,121,30,上架
4401268,母婴玩具-商品1268,母婴玩具,SKU-401268,44.96,70.97,437,22,上架
2937875,母婴玩具-商品7875,母婴玩具,SKU-937875,40.16,85.7,130,20,上架
3331681,食品生鲜-商品1681,食品生鲜,SKU-331681,62.58,98.3,183,25,上架
2795276,图书文创-商品5276,图书文创,SKU-795276,14.56,29.24,327,36,上架
1413966,数码家电-商品3966,数码家电,SKU-413966,449.85,821.67,326,22,上架
478262,运动户外-商品8262,运动户外,SKU-478262,162.6,334.25,423,28,上架
1197670,美妆个护-商品7670,美妆个护,SKU-197670,130.28,266.35,222,34,上架
3513254,图书文创-商品3254,图书文创,SKU-513254,17.72,36.44,227,23,上架
1742428,图书文创-商品2428,图书文创,SKU-742428,13.65,21.14,31,30,上架
5114792,运动户外-商品4792,运动户外,SKU-114792,197.5,341.11,9,17,上架
642571,运动户外-商品2571,运动户外,SKU-642571,173.01,314.7,366,28,上架
2224702,食品生鲜-商品4702,食品生鲜,SKU-224702,30.54,50.26,407,18,上架
1501055,运动户外-商品1055,运动户外,SKU-501055,49.22,84.21,350,27,上架
4953571,运动户外-商品3571,运动户外,SKU-953571,119.26,187.73,381,19,上架
4342735,服饰鞋包-商品2735,服饰鞋包,SKU-342735,55.31,94.53,240,25,上架
447253,食品生鲜-商品7253,食品生鲜,SKU-447253,5.81,12.82,181,29,上架
279290,图书文创-商品9290,图书文创,SKU-279290,28.46,54.99,55,26,上架
5076554,数码家电-商品6554,数码家电,SKU-076554,73.18,128.68,420,32,上架
4168223,食品生鲜-商品8223,食品生鲜,SKU-168223,63.11,97.89,480,20,上架
4875562,家居日用-商品5562,家居日用,SKU-875562,56.63,104.42,0,32,上架
2458708,母婴玩具-商品8708,母婴玩具,SKU-458708,60.23,94.34,30,36,上架
5119513,服饰鞋包-商品9513,服饰鞋包,SKU-119513,66.62,121.42,259,34,上架
518000,数码家电-商品8000,数码家电,SKU-518000,441.27,690.43,447,15,上架
3684640,运动户外-商品4640,运动户外,SKU-684640,65.03,111.59,470,22,上架
3298914,数码家电-商品8914,数码家电,SKU-298914,555.21,879.8,358,32,上架
2627132,图书文创-商品7132,图书文创,SKU-627132,35.6,56.31,438,24,上架
1120441,母婴玩具-商品0441,母婴玩具,SKU-120441,65.62,101.55,132,33,上架
1878853,数码家电-商品8853,数码家电,SKU-878853,219.04,366.3,452,34,上架
3176648,家居日用-商品6648,家居日用,SKU-176648,43.93,90.69,398,18,上架
1979578,母婴玩具-商品9578,母婴玩具,SKU-979578,44.37,79.47,276,33,上架
3622651,家居日用-商品2651,家居日用,SKU-622651,66.37,127.09,222,35,上架
1467006,服饰鞋包-商品7006,服饰鞋包,SKU-467006,19.21,40.62,375,17,上架
635274,数码家电-商品5274,数码家电,SKU-635274,52.99,110.07,408,19,上架
68679,美妆个护-商品8679,美妆个护,SKU-68679,107.09,222.66,149,18,上架
2678072,食品生鲜-商品8072,食品生鲜,SKU-678072,21.85,47.78,224,26,上架
2678671,图书文创-商品8671,图书文创,SKU-678671,38.29,63.14,187,32,上架
154219,食品生鲜-商品4219,食品生鲜,SKU-154219,7.37,12.8,238,16,上架
1885123,服饰鞋包-商品5123,服饰鞋包,SKU-885123,32.66,60.86,402,30,上架
5090781,母婴玩具-商品0781,母婴玩具,SKU-090781,55.37,93.86,488,28,上架
3823599,食品生鲜-商品3599,食品生鲜,SKU-823599,10.3,18.97,80,37,上架
3632169,图书文创-商品2169,图书文创,SKU-632169,15.97,27.63,214,17,上架
4219087,母婴玩具-商品9087,母婴玩具,SKU-219087,23.21,37.21,279,15,上架
2297379,服饰鞋包-商品7379,服饰鞋包,SKU-297379,81.13,155.99,291,24,上架
2516193,食品生鲜-商品6193,食品生鲜,SKU-516193,15.45,27.6,424,28,上架
2626336,家居日用-商品6336,家居日用,SKU-626336,70.99,122.08,305,32,上架
3663083,服饰鞋包-商品3083,服饰鞋包,SKU-663083,73.96,133.25,82,35,上架
1665313,母婴玩具-商品5313,母婴玩具,SKU-665313,25.27,51.64,449,32,上架
582362,母婴玩具-商品2362,母婴玩具,SKU-582362,105.5,193.36,395,23,上架
4654246,服饰鞋包-商品4246,服饰鞋包,SKU-654246,115.4,183.56,281,22,上架
2425997,数码家电-商品5997,数码家电,SKU-425997,399.21,664.62,112,27,上架
1603926,数码家电-商品3926,数码家电,SKU-603926,245.93,418.58,272,33,上架
4043331,服饰鞋包-商品3331,服饰鞋包,SKU-043331,30.38,60.79,38,35,上架
3748903,母婴玩具-商品8903,母婴玩具,SKU-748903,45.54,96.08,86,23,上架
3131889,母婴玩具-商品1889,母婴玩具,SKU-131889,20.69,34.63,140,35,上架
2414480,食品生鲜-商品4480,食品生鲜,SKU-414480,28.83,51.62,35,22,上架
540788,运动户外-商品0788,运动户外,SKU-540788,117.15,200.4,82,34,上架
2884006,运动户外-商品4006,运动户外,SKU-884006,159.13,329.04,363,24,上架
3545632,服饰鞋包-商品5632,服饰鞋包,SKU-545632,15.11,29.39,399,36,上架
1080768,食品生鲜-商品0768,食品生鲜,SKU-080768,50.37,87.61,149,21,上架
46884,母婴玩具-商品6884,母婴玩具,SKU-46884,33.38,68.84,3,30,上架
2980599,数码家电-商品0599,数码家电,SKU-980599,251.83,394.14,271,34,上架
5012783,美妆个护-商品2783,美妆个护,SKU-012783,154.61,241.24,320,32,上架
659684,服饰鞋包-商品9684,服饰鞋包,SKU-659684,71.02,123.36,237,19,上架
5132983,美妆个护-商品2983,美妆个护,SKU-132983,170.2,295.86,206,31,上架
1496876,服饰鞋包-商品6876,服饰鞋包,SKU-496876,20.59,32.32,310,15,上架
758968,服饰鞋包-商品8968,服饰鞋包,SKU-758968,33.75,70.35,484,26,上架
4917379,母婴玩具-商品7379,母婴玩具,SKU-917379,26.32,45.81,472,17,上架
523787,运动户外-商品3787,运动户外,SKU-523787,194.23,397.53,90,31,上架
5090313,家居日用-商品0313,家居日用,SKU-090313,79.34,135.56,427,37,上架
1684440,美妆个护-商品4440,美妆个护,SKU-684440,163.74,265.28,125,31,上架
4017221,服饰鞋包-商品7221,服饰鞋包,SKU-017221,105.22,181.68,12,17,上架
1642707,数码家电-商品2707,数码家电,SKU-642707,240.41,441.15,135,29,上架
11517,美妆个护-商品1517,美妆个护,SKU-11517,120.63,202.71,341,39,上架
1147995,图书文创-商品7995,图书文创,SKU-147995,31.01,68.08,456,27,上架
284882,母婴玩具-商品4882,母婴玩具,SKU-284882,42.3,87.61,213,17,上架
2865381,母婴玩具-商品5381,母婴玩具,SKU-865381,21.8,33.9,10,24,上架
4160327,服饰鞋包-商品0327,服饰鞋包,SKU-160327,70.5,122.1,193,23,上架
475913,图书文创-商品5913,图书文创,SKU-475913,17.37,29.47,23,29,上架
206508,服饰鞋包-商品6508,服饰鞋包,SKU-206508,74.49,117.68,183,16,上架
3846692,美妆个护-商品6692,美妆个护,SKU-846692,129.03,244.81,12,35,上架
3645147,母婴玩具-商品5147,母婴玩具,SKU-645147,83.36,136.15,149,34,上架
4435573,服饰鞋包-商品5573,服饰鞋包,SKU-435573,85.73,167.35,421,16,上架
2898217,母婴玩具-商品8217,母婴玩具,SKU-898217,36.1,62.22,150,22,上架
4323721,家居日用-商品3721,家居日用,SKU-323721,55.75,103.81,370,15,上架
35375,图书文创-商品5375,图书文创,SKU-35375,23.9,50.32,70,15,上架
1762506,食品生鲜-商品2506,食品生鲜,SKU-762506,41.6,81.99,131,27,上架
4221248,家居日用-商品1248,家居日用,SKU-221248,42.77,78.48,9,23,上架
4696239,数码家电-商品6239,数码家电,SKU-696239,466.59,861.04,156,23,上架
2658544,家居日用-商品8544,家居日用,SKU-658544,66.48,127.12,89,31,上架
2942799,家居日用-商品2799,家居日用,SKU-942799,86.77,148.35,455,36,上架
4336634,家居日用-商品6634,家居日用,SKU-336634,72.22,127.65,1,19,上架
4638846,母婴玩具-商品8846,母婴玩具,SKU-638846,37.31,73.48,380,23,上架
1810420,运动户外-商品0420,运动户外,SKU-810420,49.7,104.0,226,34,上架
1920744,服饰鞋包-商品0744,服饰鞋包,SKU-920744,78.78,134.58,261,21,上架
2525752,图书文创-商品5752,图书文创,SKU-525752,41.79,68.25,221,20,上架
754608,家居日用-商品4608,家居日用,SKU-754608,76.09,125.93,145,39,上架
1450416,美妆个护-商品0416,美妆个护,SKU-450416,21.42,43.93,215,36,上架
2287732,图书文创-商品7732,图书文创,SKU-287732,42.32,67.1,192,22,上架
18930,服饰鞋包-商品8930,服饰鞋包,SKU-18930,55.96,111.41,60,35,上架
2806779,服饰鞋包-商品6779,服饰鞋包,SKU-806779,76.22,155.9,32,35,上架
206798,服饰鞋包-商品6798,服饰鞋包,SKU-206798,36.18,72.75,64,18,上架
1260634,服饰鞋包-商品0634,服饰鞋包,SKU-260634,24.41,53.54,54,32,上架
3822721,美妆个护-商品2721,美妆个护,SKU-822721,172.45,269.44,424,19,上架
3274803,运动户外-商品4803,运动户外,SKU-274803,220.96,346.71,144,19,上架
1848520,数码家电-商品8520,数码家电,SKU-848520,164.71,346.36,404,36,上架
3718221,服饰鞋包-商品8221,服饰鞋包,SKU-718221,43.52,81.98,224,20,上架
3108279,图书文创-商品8279,图书文创,SKU-108279,24.28,53.6,445,35,上架
4203288,服饰鞋包-商品3288,服饰鞋包,SKU-203288,31.9,68.38,176,19,上架
4638137,服饰鞋包-商品8137,服饰鞋包,SKU-638137,68.56,118.91,38,20,上架
163811,服饰鞋包-商品3811,服饰鞋包,SKU-163811,65.21,133.51,342,39,上架
3204882,美妆个护-商品4882,美妆个护,SKU-204882,37.98,75.43,461,22,上架
183683,母婴玩具-商品3683,母婴玩具,SKU-183683,77.79,165.7,309,39,上架
1399650,美妆个护-商品9650,美妆个护,SKU-399650,91.28,174.01,264,31,上架
4073586,图书文创-商品3586,图书文创,SKU-073586,26.85,51.26,468,27,上架
2266124,母婴玩具-商品6124,母婴玩具,SKU-266124,51.37,86.13,76,34,上架
1218111,数码家电-商品8111,数码家电,SKU-218111,376.75,753.55,191,25,上架
4858623,服饰鞋包-商品8623,服饰鞋包,SKU-858623,77.85,166.99,297,37,上架
1314310,母婴玩具-商品4310,母婴玩具,SKU-314310,14.98,26.16,40,38,上架
4481260,母婴玩具-商品1260,母婴玩具,SKU-481260,113.81,183.81,491,35,上架
547115,美妆个护-商品7115,美妆个护,SKU-547115,71.99,121.56,497,30,上架
4550027,数码家电-商品0027,数码家电,SKU-550027,335.14,618.59,177,30,上架
3951462,母婴玩具-商品1462,母婴玩具,SKU-951462,84.67,175.05,2,27,上架
4106234,食品生鲜-商品6234,食品生鲜,SKU-106234,39.04,61.19,175,15,上架
4761899,数码家电-商品1899,数码家电,SKU-761899,308.94,668.23,233,34,上架
3693893,美妆个护-商品3893,美妆个护,SKU-693893,125.11,210.54,3,17,上架
1258071,美妆个护-商品8071,美妆个护,SKU-258071,39.04,80.11,6,27,上架
3056809,美妆个护-商品6809,美妆个护,SKU-056809,122.94,220.19,10,36,上架
1481208,美妆个护-商品1208,美妆个护,SKU-481208,97.94,158.5,87,36,上架
4408704,美妆个护-商品8704,美妆个护,SKU-408704,109.4,203.07,355,23,上架
1709568,美妆个护-商品9568,美妆个护,SKU-709568,132.06,258.07,153,38,上架
1108920,母婴玩具-商品8920,母婴玩具,SKU-108920,41.75,91.68,172,36,上架
2893412,家居日用-商品3412,家居日用,SKU-893412,35.42,70.52,2,19,上架
3126312,食品生鲜-商品6312,食品生鲜,SKU-126312,7.57,11.96,172,31,上架
2543947,食品生鲜-商品3947,食品生鲜,SKU-543947,10.55,22.1,375,37,上架
1619728,食品生鲜-商品9728,食品生鲜,SKU-619728,20.19,43.31,8,28,上架
1148728,母婴玩具-商品8728,母婴玩具,SKU-148728,103.97,177.53,271,35,上架
1912149,服饰鞋包-商品2149,服饰鞋包,SKU-912149,93.14,151.08,300,21,上架
3084559,数码家电-商品4559,数码家电,SKU-084559,140.61,227.74,233,35,上架
4903917,食品生鲜-商品3917,食品生鲜,SKU-903917,28.67,44.78,438,37,上架
238174,母婴玩具-商品8174,母婴玩具,SKU-238174,77.04,137.58,231,23,上架
872479,食品生鲜-商品2479,食品生鲜,SKU-872479,19.69,41.88,346,38,上架
3588474,服饰鞋包-商品8474,服饰鞋包,SKU-588474,49.28,84.79,486,32,上架
3986057,母婴玩具-商品6057,母婴玩具,SKU-986057,56.82,120.82,376,35,上架
755419,运动户外-商品5419,运动户外,SKU-755419,119.98,263.0,85,32,上架
1308275,图书文创-商品8275,图书文创,SKU-308275,8.27,14.28,215,38,上架
739363,美妆个护-商品9363,美妆个护,SKU-739363,14.54,28.85,102,38,上架
4370251,食品生鲜-商品0251,食品生鲜,SKU-370251,15.64,31.21,54,23,上架
1857488,美妆个护-商品7488,美妆个护,SKU-857488,33.62,71.82,45,22,上架
1245731,母婴玩具-商品5731,母婴玩具,SKU-245731,10.55,20.12,181,22,上架
1474385,运动户外-商品4385,运动户外,SKU-474385,21.6,46.72,76,17,上架
917748,食品生鲜-商品7748,食品生鲜,SKU-917748,9.09,17.03,144,38,上架
4788671,家居日用-商品8671,家居日用,SKU-788671,56.15,90.56,482,34,上架
1961938,美妆个护-商品1938,美妆个护,SKU-961938,170.87,287.56,132,33,上架
79381,家居日用-商品9381,家居日用,SKU-79381,50.75,88.04,268,34,上架
4827954,图书文创-商品7954,图书文创,SKU-827954,28.8,57.12,470,34,上架
2212792,美妆个护-商品2792,美妆个护,SKU-212792,49.08,93.39,218,34,上架
2246997,服饰鞋包-商品6997,服饰鞋包,SKU-246997,92.34,151.26,21,21,上架
3243769,服饰鞋包-商品3769,服饰鞋包,SKU-243769,90.64,164.49,450,28,上架
1413117,美妆个护-商品3117,美妆个护,SKU-413117,62.26,103.62,365,24,上架
4276234,服饰鞋包-商品6234,服饰鞋包,SKU-276234,66.45,144.91,296,34,上架
3313788,数码家电-商品3788,数码家电,SKU-313788,474.58,742.52,406,33,上架
2322012,数码家电-商品2012,数码家电,SKU-322012,469.63,837.42,4,36,上架
3823587,运动户外-商品3587,运动户外,SKU-823587,53.99,87.77,465,27,上架
4527089,美妆个护-商品7089,美妆个护,SKU-527089,96.75,156.9,26,32,上架
675125,食品生鲜-商品5125,食品生鲜,SKU-675125,48.16,95.35,279,16,上架
2369855,食品生鲜-商品9855,食品生鲜,SKU-369855,30.17,64.31,453,25,上架
1358807,图书文创-商品8807,图书文创,SKU-358807,9.29,16.12,26,39,上架
661967,服饰鞋包-商品1967,服饰鞋包,SKU-661967,53.2,104.47,337,30,上架
4113589,数码家电-商品3589,数码家电,SKU-113589,140.79,265.69,293,38,上架
3320765,数码家电-商品0765,数码家电,SKU-320765,268.46,431.52,16,31,上架
1132251,运动户外-商品2251,运动户外,SKU-132251,130.67,234.3,386,20,上架
3944567,服饰鞋包-商品4567,服饰鞋包,SKU-944567,89.96,187.47,235,16,上架
927036,家居日用-商品7036,家居日用,SKU-927036,95.36,150.45,449,26,上架
1123116,美妆个护-商品3116,美妆个护,SKU-123116,131.47,271.57,17,30,上架
335403,美妆个护-商品5403,美妆个护,SKU-335403,106.38,195.91,13,16,上架
4277949,美妆个护-商品7949,美妆个护,SKU-277949,109.16,230.88,88,19,上架
2561205,家居日用-商品1205,家居日用,SKU-561205,46.45,84.39,63,34,上架
4626973,母婴玩具-商品6973,母婴玩具,SKU-626973,31.11,50.27,2,18,上架
2134404,数码家电-商品4404,数码家电,SKU-134404,157.34,288.94,305,22,上架
3078577,食品生鲜-商品8577,食品生鲜,SKU-078577,23.47,44.62,297,15,上架
4722513,服饰鞋包-商品2513,服饰鞋包,SKU-722513,17.42,31.15,414,25,上架
645460,数码家电-商品5460,数码家电,SKU-645460,451.73,724.08,180,35,上架
4998765,数码家电-商品8765,数码家电,SKU-998765,162.28,358.84,228,26,上架
4147572,食品生鲜-商品7572,食品生鲜,SKU-147572,42.49,78.37,340,18,上架
2252459,服饰鞋包-商品2459,服饰鞋包,SKU-252459,51.27,84.73,103,27,上架
372727,服饰鞋包-商品2727,服饰鞋包,SKU-372727,20.99,39.71,86,38,上架
4835738,数码家电-商品5738,数码家电,SKU-835738,328.97,664.45,355,20,上架
3794565,服饰鞋包-商品4565,服饰鞋包,SKU-794565,108.6,175.09,475,21,上架
2996051,数码家电-商品6051,数码家电,SKU-996051,130.21,255.48,230,37,上架
4158852,美妆个护-商品8852,美妆个护,SKU-158852,109.28,218.07,220,16,上架
4456317,母婴玩具-商品6317,母婴玩具,SKU-456317,46.0,98.2,481,34,上架
4032051,服饰鞋包-商品2051,服饰鞋包,SKU-032051,60.93,132.44,4,17,上架
1803310,家居日用-商品3310,家居日用,SKU-803310,40.38,79.99,229,23,上架
3570887,美妆个护-商品0887,美妆个护,SKU-570887,155.41,257.55,316,27,上架
959199,母婴玩具-商品9199,母婴玩具,SKU-959199,31.52,63.95,296,27,上架
255734,服饰鞋包-商品5734,服饰鞋包,SKU-255734,61.53,98.39,185,29,上架
1262519,数码家电-商品2519,数码家电,SKU-262519,447.31,724.59,282,28,上架
4577393,母婴玩具-商品7393,母婴玩具,SKU-577393,69.82,117.77,72,31,上架
3674301,食品生鲜-商品4301,食品生鲜,SKU-674301,45.02,88.42,7,26,上架
3148234,美妆个护-商品8234,美妆个护,SKU-148234,31.9,53.4,87,23,上架
1073622,美妆个护-商品3622,美妆个护,SKU-073622,109.8,223.51,59,28,上架
2363945,美妆个护-商品3945,美妆个护,SKU-363945,130.1,260.64,433,17,上架
2891949,食品生鲜-商品1949,食品生鲜,SKU-891949,33.21,73.73,118,30,上架
4367195,母婴玩具-商品7195,母婴玩具,SKU-367195,22.07,40.86,39,17,上架
4172446,家居日用-商品2446,家居日用,SKU-172446,20.78,38.32,315,20,上架
559663,服饰鞋包-商品9663,服饰鞋包,SKU-559663,114.13,179.25,336,36,上架
3022799,图书文创-商品2799,图书文创,SKU-022799,21.36,37.16,330,16,上架
5081528,母婴玩具-商品1528,母婴玩具,SKU-081528,26.5,44.88,305,30,上架
532145,母婴玩具-商品2145,母婴玩具,SKU-532145,65.57,101.35,77,30,上架
3264019,运动户外-商品4019,运动户外,SKU-264019,96.48,179.59,390,23,上架
5050090,运动户外-商品0090,运动户外,SKU-050090,130.57,275.47,137,29,上架
422516,运动户外-商品2516,运动户外,SKU-422516,66.83,133.23,381,19,上架
3403515,服饰鞋包-商品3515,服饰鞋包,SKU-403515,94.42,182.41,454,32,上架
1239409,母婴玩具-商品9409,母婴玩具,SKU-239409,84.07,135.79,80,17,上架
482844,服饰鞋包-商品2844,服饰鞋包,SKU-482844,90.05,151.75,268,24,上架
531962,运动户外-商品1962,运动户外,SKU-531962,191.03,317.93,40,32,上架
2005808,运动户外-商品5808,运动户外,SKU-005808,67.8,137.53,187,31,上架
3531339,食品生鲜-商品1339,食品生鲜,SKU-531339,41.48,84.17,372,37,上架
821287,美妆个护-商品1287,美妆个护,SKU-821287,76.24,135.01,397,15,上架
105416,数码家电-商品5416,数码家电,SKU-105416,76.43,136.36,493,16,上架
4308503,家居日用-商品8503,家居日用,SKU-308503,53.09,100.94,45,19,上架
3057515,母婴玩具-商品7515,母婴玩具,SKU-057515,31.27,66.26,475,38,上架
1315383,服饰鞋包-商品5383,服饰鞋包,SKU-315383,94.19,166.99,145,28,上架
3513748,美妆个护-商品3748,美妆个护,SKU-513748,147.44,269.38,282,24,上架
3983507,运动户外-商品3507,运动户外,SKU-983507,140.1,237.97,472,31,上架
4688729,图书文创-商品8729,图书文创,SKU-688729,34.67,55.96,399,22,上架
4953632,运动户外-商品3632,运动户外,SKU-953632,91.36,148.24,327,35,上架
3294739,美妆个护-商品4739,美妆个护,SKU-294739,144.21,239.21,286,24,上架
1830275,运动户外-商品0275,运动户外,SKU-830275,138.66,267.19,118,36,上架
5005784,服饰鞋包-商品5784,服饰鞋包,SKU-005784,43.64,75.06,472,37,上架
3306427,数码家电-商品6427,数码家电,SKU-306427,422.09,859.19,177,19,上架
2261977,服饰鞋包-商品1977,服饰鞋包,SKU-261977,63.45,108.12,108,22,上架
4089774,图书文创-商品9774,图书文创,SKU-089774,28.32,55.55,204,32,上架
1441152,运动户外-商品1152,运动户外,SKU-441152,194.34,304.6,55,15,上架
1699343,美妆个护-商品9343,美妆个护,SKU-699343,148.86,280.18,89,29,上架
2654055,母婴玩具-商品4055,母婴玩具,SKU-654055,22.04,40.89,142,36,上架
3021322,食品生鲜-商品1322,食品生鲜,SKU-021322,38.08,60.71,6,19,上架
546722,美妆个护-商品6722,美妆个护,SKU-546722,87.22,190.91,30,37,上架
1602647,家居日用-商品2647,家居日用,SKU-602647,26.89,57.54,407,21,上架
1102872,家居日用-商品2872,家居日用,SKU-102872,28.58,55.99,57,34,上架
732202,数码家电-商品2202,数码家电,SKU-732202,348.4,736.34,63,29,上架
87212,图书文创-商品7212,图书文创,SKU-87212,16.76,32.8,18,24,上架
350877,图书文创-商品0877,图书文创,SKU-350877,25.53,51.04,315,28,上架
3804777,图书文创-商品4777,图书文创,SKU-804777,13.47,24.38,36,36,上架
4625504,数码家电-商品5504,数码家电,SKU-625504,199.48,332.68,26,23,上架
5067173,美妆个护-商品7173,美妆个护,SKU-067173,75.07,140.34,380,31,上架
2983410,家居日用-商品3410,家居日用,SKU-983410,102.94,158.87,7,25,上架
3894205,母婴玩具-商品4205,母婴玩具,SKU-894205,15.77,32.1,12,28,上架
855191,美妆个护-商品5191,美妆个护,SKU-855191,85.94,189.53,167,28,上架
2078526,美妆个护-商品8526,美妆个护,SKU-078526,33.81,70.22,486,36,上架
4103622,服饰鞋包-商品3622,服饰鞋包,SKU-103622,22.25,43.68,243,16,上架
136182,数码家电-商品6182,数码家电,SKU-136182,244.88,432.75,32,26,上架
4856688,数码家电-商品6688,数码家电,SKU-856688,318.37,501.64,311,25,上架
4601811,食品生鲜-商品1811,食品生鲜,SKU-601811,45.23,72.61,158,38,上架
1720288,美妆个护-商品0288,美妆个护,SKU-720288,138.43,232.53,254,20,上架
2603919,食品生鲜-商品3919,食品生鲜,SKU-603919,16.98,29.62,59,27,上架
379359,数码家电-商品9359,数码家电,SKU-379359,133.16,291.45,299,25,上架
1073943,服饰鞋包-商品3943,服饰鞋包,SKU-073943,103.24,198.57,164,23,上架
3586,食品生鲜-商品3586,食品生鲜,SKU-3586,24.66,41.11,186,31,上架
3275435,食品生鲜-商品5435,食品生鲜,SKU-275435,42.88,80.01,120,23,上架
3985341,美妆个护-商品5341,美妆个护,SKU-985341,82.37,158.67,300,15,上架
1731104,食品生鲜-商品1104,食品生鲜,SKU-731104,33.68,72.58,224,32,上架
2748554,母婴玩具-商品8554,母婴玩具,SKU-748554,61.68,113.87,70,34,上架
311679,美妆个护-商品1679,美妆个护,SKU-311679,120.04,191.35,478,30,上架
3556727,美妆个护-商品6727,美妆个护,SKU-556727,67.98,142.12,195,20,上架
2962918,母婴玩具-商品2918,母婴玩具,SKU-962918,35.55,61.62,71,30,上架
2979691,母婴玩具-商品9691,母婴玩具,SKU-979691,91.78,192.93,250,32,上架
1578882,母婴玩具-商品8882,母婴玩具,SKU-578882,31.44,51.43,482,18,上架
3256426,图书文创-商品6426,图书文创,SKU-256426,19.66,32.96,6,31,上架
4531551,美妆个护-商品1551,美妆个护,SKU-531551,27.0,53.89,301,33,上架
46419,数码家电-商品6419,数码家电,SKU-46419,172.54,265.54,344,24,上架
4216747,运动户外-商品6747,运动户外,SKU-216747,76.07,143.01,110,35,上架
976311,服饰鞋包-商品6311,服饰鞋包,SKU-976311,96.06,176.78,196,30,上架
310724,食品生鲜-商品0724,食品生鲜,SKU-310724,15.44,30.66,19,34,上架
4808644,美妆个护-商品8644,美妆个护,SKU-808644,70.45,109.02,60,29,上架
1672867,图书文创-商品2867,图书文创,SKU-672867,15.71,30.65,6,16,上架
3153814,家居日用-商品3814,家居日用,SKU-153814,49.47,107.05,306,18,上架
1829120,运动户外-商品9120,运动户外,SKU-829120,70.53,136.57,41,21,上架
5001166,数码家电-商品1166,数码家电,SKU-001166,263.21,581.61,277,22,上架
267571,家居日用-商品7571,家居日用,SKU-267571,49.38,93.97,444,33,上架
4606784,家居日用-商品6784,家居日用,SKU-606784,70.62,111.17,293,15,上架
3890912,数码家电-商品0912,数码家电,SKU-890912,306.81,572.06,71,25,上架
5009684,食品生鲜-商品9684,食品生鲜,SKU-009684,25.15,44.06,314,17,上架
3182891,美妆个护-商品2891,美妆个护,SKU-182891,131.12,216.79,12,23,上架
853003,数码家电-商品3003,数码家电,SKU-853003,198.52,308.59,261,26,上架
2633831,美妆个护-商品3831,美妆个护,SKU-633831,82.38,157.68,101,23,上架
702871,图书文创-商品2871,图书文创,SKU-702871,18.23,32.52,386,23,上架
4431957,数码家电-商品1957,数码家电,SKU-431957,132.23,223.26,304,27,上架
2165246,数码家电-商品5246,数码家电,SKU-165246,389.05,680.59,57,20,上架
2571093,运动户外-商品1093,运动户外,SKU-571093,56.04,111.65,225,21,上架
4121158,食品生鲜-商品1158,食品生鲜,SKU-121158,11.93,22.44,291,22,上架
759857,家居日用-商品9857,家居日用,SKU-759857,75.63,123.96,352,16,上架
2030176,美妆个护-商品0176,美妆个护,SKU-030176,32.26,60.31,449,23,上架
2269435,母婴玩具-商品9435,母婴玩具,SKU-269435,66.74,128.54,360,38,上架
4973819,母婴玩具-商品3819,母婴玩具,SKU-973819,75.43,157.64,195,19,上架
1121148,运动户外-商品1148,运动户外,SKU-121148,65.92,122.99,3,32,上架
636630,食品生鲜-商品6630,食品生鲜,SKU-636630,45.77,97.59,468,15,上架
1855368,运动户外-商品5368,运动户外,SKU-855368,145.2,268.93,236,32,上架
1610594,家居日用-商品0594,家居日用,SKU-610594,79.59,129.07,117,22,上架
669226,图书文创-商品9226,图书文创,SKU-669226,7.8,12.49,133,35,上架
3627243,家居日用-商品7243,家居日用,SKU-627243,58.59,126.0,15,20,上架
5135699,数码家电-商品5699,数码家电,SKU-135699,51.46,102.54,226,34,上架
2442300,母婴玩具-商品2300,母婴玩具,SKU-442300,99.83,154.05,90,22,上架
1966310,运动户外-商品6310,运动户外,SKU-966310,28.28,51.53,362,29,上架
652867,美妆个护-商品2867,美妆个护,SKU-652867,158.01,298.19,370,32,上架
4267818,图书文创-商品7818,图书文创,SKU-267818,16.66,36.3,341,26,上架
4270604,服饰鞋包-商品0604,服饰鞋包,SKU-270604,36.65,72.68,218,36,上架
4411483,家居日用-商品1483,家居日用,SKU-411483,45.1,81.3,343,30,上架
2438202,数码家电-商品8202,数码家电,SKU-438202,399.43,759.7,308,19,上架
3482389,运动户外-商品2389,运动户外,SKU-482389,42.56,80.85,377,18,上架
4965908,图书文创-商品5908,图书文创,SKU-965908,11.64,21.84,139,36,上架
1201211,家居日用-商品1211,家居日用,SKU-201211,75.75,153.64,28,35,上架
1890339,服饰鞋包-商品0339,服饰鞋包,SKU-890339,42.09,74.82,384,25,上架
2568841,食品生鲜-商品8841,食品生鲜,SKU-568841,19.7,37.06,240,24,上架
3142750,服饰鞋包-商品2750,服饰鞋包,SKU-142750,74.06,136.21,4,32,上架
2072262,食品生鲜-商品2262,食品生鲜,SKU-072262,5.96,10.16,360,34,上架
755119,美妆个护-商品5119,美妆个护,SKU-755119,62.86,111.02,184,20,上架
2884426,运动户外-商品4426,运动户外,SKU-884426,158.16,273.67,325,22,上架
891962,运动户外-商品1962,运动户外,SKU-891962,254.58,396.07,321,18,上架
2100246,数码家电-商品0246,数码家电,SKU-100246,361.91,636.68,446,20,上架
478043,图书文创-商品8043,图书文创,SKU-478043,10.73,18.46,252,16,上架
320169,数码家电-商品0169,数码家电,SKU-320169,225.23,453.74,160,16,上架
5042549,母婴玩具-商品2549,母婴玩具,SKU-042549,101.3,182.48,250,24,上架
540749,服饰鞋包-商品0749,服饰鞋包,SKU-540749,13.77,29.23,461,26,上架
4597775,家居日用-商品7775,家居日用,SKU-597775,54.68,117.95,8,33,上架
3169530,数码家电-商品9530,数码家电,SKU-169530,394.7,766.42,68,19,上架
551640,服饰鞋包-商品1640,服饰鞋包,SKU-551640,36.68,59.22,243,33,上架
905484,家居日用-商品5484,家居日用,SKU-905484,11.59,19.73,166,24,上架
668931,家居日用-商品8931,家居日用,SKU-668931,74.23,124.36,125,37,上架
1002439,美妆个护-商品2439,美妆个护,SKU-002439,66.16,122.69,300,26,上架
3869229,运动户外-商品9229,运动户外,SKU-869229,66.89,106.39,2,21,上架
1104473,美妆个护-商品4473,美妆个护,SKU-104473,151.4,261.02,26,16,上架
745201,运动户外-商品5201,运动户外,SKU-745201,87.2,144.88,277,39,上架
416355,服饰鞋包-商品6355,服饰鞋包,SKU-416355,47.99,102.41,24,28,上架
1060417,食品生鲜-商品0417,食品生鲜,SKU-060417,26.09,57.12,144,35,上架
1023051,母婴玩具-商品3051,母婴玩具,SKU-023051,83.25,171.78,26,30,上架
815714,家居日用-商品5714,家居日用,SKU-815714,71.06,117.93,53,30,上架
1154213,数码家电-商品4213,数码家电,SKU-154213,445.62,724.12,305,39,上架
1331909,数码家电-商品1909,数码家电,SKU-331909,214.54,447.15,395,36,上架
4005033,食品生鲜-商品5033,食品生鲜,SKU-005033,19.29,34.46,241,34,上架
3466178,数码家电-商品6178,数码家电,SKU-466178,477.16,740.24,64,18,上架
3788016,运动户外-商品8016,运动户外,SKU-788016,31.13,54.8,478,34,上架
5059698,数码家电-商品9698,数码家电,SKU-059698,218.46,366.17,184,38,上架
3044459,服饰鞋包-商品4459,服饰鞋包,SKU-044459,17.53,34.75,426,39,上架
1221336,母婴玩具-商品1336,母婴玩具,SKU-221336,24.89,42.56,352,17,上架
2779154,图书文创-商品9154,图书文创,SKU-779154,8.58,16.23,25,29,上架
5022571,服饰鞋包-商品2571,服饰鞋包,SKU-022571,29.59,49.91,192,23,上架
2584329,家居日用-商品4329,家居日用,SKU-584329,31.79,59.96,129,28,上架
2092730,数码家电-商品2730,数码家电,SKU-092730,159.79,289.07,474,28,上架
1317339,数码家电-商品7339,数码家电,SKU-317339,326.49,690.12,496,34,上架
1538620,母婴玩具-商品8620,母婴玩具,SKU-538620,65.98,110.86,491,37,上架
2846658,母婴玩具-商品6658,母婴玩具,SKU-846658,38.63,85.49,341,23,上架
5048238,美妆个护-商品8238,美妆个护,SKU-048238,14.93,23.27,230,18,上架
1436899,图书文创-商品6899,图书文创,SKU-436899,11.88,23.3,293,25,上架
1070612,服饰鞋包-商品0612,服饰鞋包,SKU-070612,63.73,112.55,459,18,上架
698881,数码家电-商品8881,数码家电,SKU-698881,326.21,682.39,167,24,上架
4727640,家居日用-商品7640,家居日用,SKU-727640,9.98,20.29,277,33,上架
1142662,食品生鲜-商品2662,食品生鲜,SKU-142662,31.88,58.92,264,30,上架
4416136,数码家电-商品6136,数码家电,SKU-416136,120.91,258.29,17,15,上架
3516903,家居日用-商品6903,家居日用,SKU-516903,82.89,147.69,273,35,上架
1780583,运动户外-商品0583,运动户外,SKU-780583,114.5,205.53,79,29,上架
3329070,家居日用-商品9070,家居日用,SKU-329070,39.05,80.56,134,26,上架
1243868,家居日用-商品3868,家居日用,SKU-243868,18.94,30.81,341,26,上架
3602299,服饰鞋包-商品2299,服饰鞋包,SKU-602299,39.7,84.6,14,21,上架
4247846,数码家电-商品7846,数码家电,SKU-247846,314.66,598.05,322,18,上架
2994876,服饰鞋包-商品4876,服饰鞋包,SKU-994876,106.42,183.04,457,36,上架
4697569,数码家电-商品7569,数码家电,SKU-697569,147.42,281.35,480,34,上架
4997111,运动户外-商品7111,运动户外,SKU-997111,195.74,380.31,327,17,上架
3909525,图书文创-商品9525,图书文创,SKU-909525,13.07,29.02,352,25,上架
1197299,家居日用-商品7299,家居日用,SKU-197299,80.48,126.53,112,39,上架
2872572,母婴玩具-商品2572,母婴玩具,SKU-872572,82.75,163.52,288,26,上架
152384,母婴玩具-商品2384,母婴玩具,SKU-152384,122.81,192.66,51,30,上架
3336250,食品生鲜-商品6250,食品生鲜,SKU-336250,10.0,19.65,14,34,上架
252082,服饰鞋包-商品2082,服饰鞋包,SKU-252082,50.88,82.18,449,37,上架
2802101,家居日用-商品2101,家居日用,SKU-802101,7.28,15.92,24,34,上架
3402483,家居日用-商品2483,家居日用,SKU-402483,79.18,129.71,307,25,上架
3534563,食品生鲜-商品4563,食品生鲜,SKU-534563,50.67,84.67,195,22,上架
68814,数码家电-商品8814,数码家电,SKU-68814,341.53,715.46,103,37,上架
847944,食品生鲜-商品7944,食品生鲜,SKU-847944,26.75,45.11,19,39,上架
2332631,图书文创-商品2631,图书文创,SKU-332631,6.75,14.45,26,27,上架
413179,美妆个护-商品3179,美妆个护,SKU-413179,86.67,134.99,22,32,上架
376419,母婴玩具-商品6419,母婴玩具,SKU-376419,23.85,43.92,436,28,上架
2035233,数码家电-商品5233,数码家电,SKU-035233,398.84,678.07,468,19,上架
3685477,食品生鲜-商品5477,食品生鲜,SKU-685477,40.62,81.54,125,32,上架
2849849,食品生鲜-商品9849,食品生鲜,SKU-849849,30.37,66.28,187,20,上架
1904855,数码家电-商品4855,数码家电,SKU-904855,207.11,330.59,95,25,上架
2288457,数码家电-商品8457,数码家电,SKU-288457,71.8,157.03,52,24,上架
1819213,家居日用-商品9213,家居日用,SKU-819213,76.27,119.15,318,35,上架
1045835,运动户外-商品5835,运动户外,SKU-045835,174.6,339.64,464,39,上架
267531,美妆个护-商品7531,美妆个护,SKU-267531,57.54,125.93,18,21,上架
2173308,数码家电-商品3308,数码家电,SKU-173308,117.92,214.06,102,35,上架
4437865,图书文创-商品7865,图书文创,SKU-437865,30.14,56.97,491,26,上架
2795788,图书文创-商品5788,图书文创,SKU-795788,26.8,55.21,283,35,上架
4693404,服饰鞋包-商品3404,服饰鞋包,SKU-693404,19.98,39.79,423,39,上架
2438999,美妆个护-商品8999,美妆个护,SKU-438999,78.39,141.83,475,24,上架
4283121,服饰鞋包-商品3121,服饰鞋包,SKU-283121,51.02,102.69,199,16,上架
2620370,运动户外-商品0370,运动户外,SKU-620370,153.14,267.27,114,16,上架
813100,运动户外-商品3100,运动户外,SKU-813100,40.15,79.28,446,36,上架
3438935,母婴玩具-商品8935,母婴玩具,SKU-438935,86.3,189.74,374,31,上架
1412510,食品生鲜-商品2510,食品生鲜,SKU-412510,11.86,24.13,145,28,上架
2502168,母婴玩具-商品2168,母婴玩具,SKU-502168,90.44,196.71,320,35,上架
4993299,母婴玩具-商品3299,母婴玩具,SKU-993299,89.68,153.75,30,36,上架
862929,母婴玩具-商品2929,母婴玩具,SKU-862929,24.54,43.79,407,36,上架
4985685,数码家电-商品5685,数码家电,SKU-985685,141.92,292.99,146,37,上架
3966157,服饰鞋包-商品6157,服饰鞋包,SKU-966157,100.58,155.7,497,32,上架
760737,家居日用-商品0737,家居日用,SKU-760737,68.24,147.56,299,27,上架
4618126,数码家电-商品8126,数码家电,SKU-618126,73.1,136.46,298,25,上架
2085780,运动户外-商品5780,运动户外,SKU-085780,28.64,47.11,36,38,上架
4403282,服饰鞋包-商品3282,服饰鞋包,SKU-403282,34.12,53.5,239,38,上架
2880517,服饰鞋包-商品0517,服饰鞋包,SKU-880517,23.7,37.6,460,36,上架
1516511,服饰鞋包-商品6511,服饰鞋包,SKU-516511,110.83,185.29,436,36,上架
4435071,家居日用-商品5071,家居日用,SKU-435071,101.1,155.72,241,34,上架
625129,数码家电-商品5129,数码家电,SKU-625129,271.72,462.99,480,23,上架
679834,食品生鲜-商品9834,食品生鲜,SKU-679834,49.13,88.9,474,31,上架
3535564,食品生鲜-商品5564,食品生鲜,SKU-535564,25.19,42.0,46,33,上架
4219427,运动户外-商品9427,运动户外,SKU-219427,162.3,258.61,170,29,上架
2205329,美妆个护-商品5329,美妆个护,SKU-205329,46.73,87.54,54,39,上架
5101021,母婴玩具-商品1021,母婴玩具,SKU-101021,13.99,23.76,299,20,上架
1530101,服饰鞋包-商品0101,服饰鞋包,SKU-530101,43.82,74.67,164,28,上架
2165016,母婴玩具-商品5016,母婴玩具,SKU-165016,49.66,78.84,196,36,上架
761864,服饰鞋包-商品1864,服饰鞋包,SKU-761864,81.07,128.73,374,15,上架
2790653,美妆个护-商品0653,美妆个护,SKU-790653,102.66,182.37,224,38,上架
13732,数码家电-商品3732,数码家电,SKU-13732,156.47,276.62,0,16,上架
47531,家居日用-商品7531,家居日用,SKU-47531,53.23,84.81,341,19,上架
3392947,服饰鞋包-商品2947,服饰鞋包,SKU-392947,100.34,190.32,286,26,上架
168677,数码家电-商品8677,数码家电,SKU-168677,495.79,857.95,21,32,上架
4075463,服饰鞋包-商品5463,服饰鞋包,SKU-075463,27.49,46.5,26,36,上架
1347509,母婴玩具-商品7509,母婴玩具,SKU-347509,78.22,135.45,112,23,上架
3233798,家居日用-商品3798,家居日用,SKU-233798,13.13,23.19,402,24,上架
3823579,数码家电-商品3579,数码家电,SKU-823579,214.62,438.12,372,33,上架
2870017,美妆个护-商品0017,美妆个护,SKU-870017,141.02,266.27,320,17,上架
3445520,数码家电-商品5520,数码家电,SKU-445520,326.18,509.63,108,30,上架
307896,服饰鞋包-商品7896,服饰鞋包,SKU-307896,67.83,125.91,272,35,上架
122092,运动户外-商品2092,运动户外,SKU-122092,40.67,85.49,10,34,上架
2044299,数码家电-商品4299,数码家电,SKU-044299,342.17,561.53,328,23,上架
1339786,家居日用-商品9786,家居日用,SKU-339786,29.0,60.1,196,29,上架
3107357,运动户外-商品7357,运动户外,SKU-107357,196.48,383.23,69,38,上架
370265,运动户外-商品0265,运动户外,SKU-370265,44.97,78.71,18,37,上架
3095307,家居日用-商品5307,家居日用,SKU-095307,45.83,88.58,76,27,上架
689042,母婴玩具-商品9042,母婴玩具,SKU-689042,78.34,126.03,32,26,上架
1325805,家居日用-商品5805,家居日用,SKU-325805,33.2,65.09,176,31,上架
3900472,运动户外-商品0472,运动户外,SKU-900472,57.69,94.18,267,30,上架
506837,美妆个护-商品6837,美妆个护,SKU-506837,65.38,127.59,324,18,上架
186948,运动户外-商品6948,运动户外,SKU-186948,37.27,69.62,474,19,上架
2969676,家居日用-商品9676,家居日用,SKU-969676,70.71,124.82,229,21,上架
4855294,家居日用-商品5294,家居日用,SKU-855294,74.86,147.56,471,33,上架
4436021,数码家电-商品6021,数码家电,SKU-436021,454.97,735.68,275,18,上架
3085138,食品生鲜-商品5138,食品生鲜,SKU-085138,43.86,71.65,18,33,上架
3151645,家居日用-商品1645,家居日用,SKU-151645,12.09,19.45,286,31,上架
1286844,家居日用-商品6844,家居日用,SKU-286844,96.64,154.72,206,20,上架
939688,图书文创-商品9688,图书文创,SKU-939688,27.92,57.94,489,25,上架
3082633,数码家电-商品2633,数码家电,SKU-082633,356.0,633.08,474,27,上架
1149771,母婴玩具-商品9771,母婴玩具,SKU-149771,108.58,177.81,206,25,上架
2993500,美妆个护-商品3500,美妆个护,SKU-993500,80.46,155.91,86,18,上架
2887719,家居日用-商品7719,家居日用,SKU-887719,54.96,91.55,295,17,上架
2387063,食品生鲜-商品7063,食品生鲜,SKU-387063,15.54,32.96,280,37,上架
2040053,服饰鞋包-商品0053,服饰鞋包,SKU-040053,44.41,69.99,154,15,上架
15709,运动户外-商品5709,运动户外,SKU-15709,80.36,141.32,15,30,上架
3057330,母婴玩具-商品7330,母婴玩具,SKU-057330,17.67,30.03,413,38,上架
3685827,运动户外-商品5827,运动户外,SKU-685827,129.09,213.35,208,21,上架
1029005,食品生鲜-商品9005,食品生鲜,SKU-029005,61.68,95.12,496,28,上架
3015698,数码家电-商品5698,数码家电,SKU-015698,329.29,704.98,1,35,上架
3273409,服饰鞋包-商品3409,服饰鞋包,SKU-273409,99.93,178.09,56,28,上架
3244515,食品生鲜-商品4515,食品生鲜,SKU-244515,57.44,96.07,31,17,上架
2642871,运动户外-商品2871,运动户外,SKU-642871,53.87,115.53,224,15,上架
104130,数码家电-商品4130,数码家电,SKU-104130,80.81,135.73,25,37,上架
3529774,运动户外-商品9774,运动户外,SKU-529774,90.78,143.19,100,36,上架
815000,家居日用-商品5000,家居日用,SKU-815000,59.75,93.02,126,27,上架
3073281,运动户外-商品3281,运动户外,SKU-073281,189.76,308.42,187,30,上架
77309,服饰鞋包-商品7309,服饰鞋包,SKU-77309,48.28,95.2,225,17,上架
1148676,食品生鲜-商品8676,食品生鲜,SKU-148676,17.31,38.1,64,29,上架
2638042,数码家电-商品8042,数码家电,SKU-638042,53.8,83.32,65,17,上架
4693960,食品生鲜-商品3960,食品生鲜,SKU-693960,36.81,75.55,233,30,上架
3154858,食品生鲜-商品4858,食品生鲜,SKU-154858,36.46,70.3,219,37,上架
956740,母婴玩具-商品6740,母婴玩具,SKU-956740,78.71,166.12,28,37,上架
1707879,母婴玩具-商品7879,母婴玩具,SKU-707879,66.79,116.16,285,32,上架
2835759,美妆个护-商品5759,美妆个护,SKU-835759,77.38,128.67,11,25,上架
3154938,母婴玩具-商品4938,母婴玩具,SKU-154938,69.13,150.43,28,33,上架
4064387,美妆个护-商品4387,美妆个护,SKU-064387,77.61,142.77,372,39,上架
3849232,家居日用-商品9232,家居日用,SKU-849232,21.13,45.69,28,37,上架
3973904,运动户外-商品3904,运动户外,SKU-973904,181.66,367.64,498,18,上架
4472912,服饰鞋包-商品2912,服饰鞋包,SKU-472912,28.71,52.82,490,33,上架
1752514,数码家电-商品2514,数码家电,SKU-752514,403.72,868.63,411,26,上架
2635487,母婴玩具-商品5487,母婴玩具,SKU-635487,26.43,58.51,482,19,上架
1886759,服饰鞋包-商品6759,服饰鞋包,SKU-886759,64.08,133.42,310,32,上架
4522661,母婴玩具-商品2661,母婴玩具,SKU-522661,79.44,152.19,471,19,上架
3512285,运动户外-商品2285,运动户外,SKU-512285,80.24,149.81,197,27,上架
2411526,母婴玩具-商品1526,母婴玩具,SKU-411526,91.74,176.5,429,30,上架
4147316,食品生鲜-商品7316,食品生鲜,SKU-147316,16.28,32.14,379,32,上架
309028,母婴玩具-商品9028,母婴玩具,SKU-309028,59.62,116.62,236,35,上架
3083569,家居日用-商品3569,家居日用,SKU-083569,40.33,66.3,332,22,上架
3152425,图书文创-商品2425,图书文创,SKU-152425,14.75,24.47,47,37,上架
2299375,母婴玩具-商品9375,母婴玩具,SKU-299375,33.34,52.96,248,16,上架
4183261,数码家电-商品3261,数码家电,SKU-183261,35.4,75.74,14,21,上架
2678403,家居日用-商品8403,家居日用,SKU-678403,86.47,149.92,436,31,上架
2999548,家居日用-商品9548,家居日用,SKU-999548,46.1,93.2,408,30,上架
4975577,家居日用-商品5577,家居日用,SKU-975577,91.32,146.7,262,21,上架
3219577,母婴玩具-商品9577,母婴玩具,SKU-219577,88.2,167.12,285,21,上架
9702,美妆个护-商品9702,美妆个护,SKU-9702,137.51,216.25,346,27,上架
5146125,服饰鞋包-商品6125,服饰鞋包,SKU-146125,55.01,114.32,168,36,上架
237909,美妆个护-商品7909,美妆个护,SKU-237909,10.4,19.32,159,37,上架
2122416,服饰鞋包-商品2416,服饰鞋包,SKU-122416,101.6,173.57,480,17,上架
3674683,数码家电-商品4683,数码家电,SKU-674683,321.18,692.23,88,34,上架
2909223,图书文创-商品9223,图书文创,SKU-909223,21.19,37.72,16,18,上架
3062015,数码家电-商品2015,数码家电,SKU-062015,76.69,140.1,311,38,上架
3701890,食品生鲜-商品1890,食品生鲜,SKU-701890,56.83,90.05,234,26,上架
691693,图书文创-商品1693,图书文创,SKU-691693,39.14,66.35,379,19,上架
1859881,家居日用-商品9881,家居日用,SKU-859881,89.77,143.43,164,38,上架
4056517,家居日用-商品6517,家居日用,SKU-056517,74.94,131.92,486,39,上架
4880731,家居日用-商品0731,家居日用,SKU-880731,44.05,86.03,115,24,上架
4702409,家居日用-商品2409,家居日用,SKU-702409,9.27,15.99,248,21,上架
3538942,家居日用-商品8942,家居日用,SKU-538942,11.93,21.87,85,26,上架
2908885,数码家电-商品8885,数码家电,SKU-908885,73.72,136.17,273,26,上架
3050742,家居日用-商品0742,家居日用,SKU-050742,70.26,139.45,245,29,上架
2840982,母婴玩具-商品0982,母婴玩具,SKU-840982,112.45,185.86,433,21,上架
1095896,美妆个护-商品5896,美妆个护,SKU-095896,94.95,193.13,416,25,上架
1072686,服饰鞋包-商品2686,服饰鞋包,SKU-072686,24.01,52.97,475,32,上架
2695132,美妆个护-商品5132,美妆个护,SKU-695132,39.17,74.72,243,18,上架
609662,服饰鞋包-商品9662,服饰鞋包,SKU-609662,76.54,127.18,340,32,上架
1611884,家居日用-商品1884,家居日用,SKU-611884,65.8,136.68,26,26,上架
1453223,美妆个护-商品3223,美妆个护,SKU-453223,190.43,298.25,7,39,上架
2328831,图书文创-商品8831,图书文创,SKU-328831,14.82,26.83,22,22,上架
4280909,母婴玩具-商品0909,母婴玩具,SKU-280909,92.51,193.7,431,27,上架
3962112,服饰鞋包-商品2112,服饰鞋包,SKU-962112,69.06,133.22,142,20,上架
1466270,服饰鞋包-商品6270,服饰鞋包,SKU-466270,41.5,77.69,160,24,上架
4940506,服饰鞋包-商品0506,服饰鞋包,SKU-940506,111.51,175.71,477,24,上架
1950705,家居日用-商品0705,家居日用,SKU-950705,13.65,26.01,463,25,上架
4665950,美妆个护-商品5950,美妆个护,SKU-665950,32.4,60.42,161,27,上架
2076643,数码家电-商品6643,数码家电,SKU-076643,89.82,173.07,131,38,上架
2237561,服饰鞋包-商品7561,服饰鞋包,SKU-237561,98.82,153.87,149,16,上架
4836492,服饰鞋包-商品6492,服饰鞋包,SKU-836492,95.41,152.76,257,16,上架
3641909,家居日用-商品1909,家居日用,SKU-641909,89.55,142.33,484,24,上架
4892400,服饰鞋包-商品2400,服饰鞋包,SKU-892400,65.54,143.66,33,38,上架
3183382,运动户外-商品3382,运动户外,SKU-183382,69.43,129.1,299,20,上架
3708457,母婴玩具-商品8457,母婴玩具,SKU-708457,13.65,28.77,228,28,上架
1005543,美妆个护-商品5543,美妆个护,SKU-005543,126.88,197.16,29,26,上架
4474759,食品生鲜-商品4759,食品生鲜,SKU-474759,16.61,29.23,433,30,上架
505292,食品生鲜-商品5292,食品生鲜,SKU-505292,48.94,81.15,465,27,上架
3137676,美妆个护-商品7676,美妆个护,SKU-137676,13.01,26.2,440,29,上架
3369751,图书文创-商品9751,图书文创,SKU-369751,11.19,24.15,19,31,上架
2500053,服饰鞋包-商品0053,服饰鞋包,SKU-500053,100.93,177.05,487,37,上架
3822898,美妆个护-商品2898,美妆个护,SKU-822898,67.83,150.39,88,23,上架
1044710,数码家电-商品4710,数码家电,SKU-044710,245.54,485.98,30,32,上架
4103172,数码家电-商品3172,数码家电,SKU-103172,331.47,523.35,495,28,上架
1640439,数码家电-商品0439,数码家电,SKU-640439,434.24,799.17,211,19,上架
2403113,数码家电-商品3113,数码家电,SKU-403113,110.46,207.44,291,30,上架
1168728,服饰鞋包-商品8728,服饰鞋包,SKU-168728,62.17,112.76,406,39,上架
1912136,数码家电-商品2136,数码家电,SKU-912136,245.62,488.31,336,26,上架
3581169,服饰鞋包-商品1169,服饰鞋包,SKU-581169,76.76,137.43,474,16,上架
1569796,母婴玩具-商品9796,母婴玩具,SKU-569796,25.76,51.27,177,32,上架
2470351,图书文创-商品0351,图书文创,SKU-470351,27.23,50.56,38,39,上架
567355,服饰鞋包-商品7355,服饰鞋包,SKU-567355,87.61,173.77,288,39,上架
4183511,家居日用-商品3511,家居日用,SKU-183511,65.51,122.17,124,28,上架
3225328,美妆个护-商品5328,美妆个护,SKU-225328,69.31,139.35,12,34,上架
305698,家居日用-商品5698,家居日用,SKU-305698,32.08,55.74,336,19,上架
2572516,食品生鲜-商品2516,食品生鲜,SKU-572516,31.13,56.08,56,23,上架
1669105,数码家电-商品9105,数码家电,SKU-669105,398.17,811.65,443,29,上架
1898034,母婴玩具-商品8034,母婴玩具,SKU-898034,99.48,187.16,244,23,上架
4907087,运动户外-商品7087,运动户外,SKU-907087,135.21,273.63,397,15,上架
721172,运动户外-商品1172,运动户外,SKU-721172,164.16,254.03,481,16,上架
3674544,家居日用-商品4544,家居日用,SKU-674544,43.54,72.9,297,39,上架
2588261,图书文创-商品8261,图书文创,SKU-588261,18.78,32.16,495,26,上架
2614657,母婴玩具-商品4657,母婴玩具,SKU-614657,64.26,142.31,263,35,上架
658010,母婴玩具-商品8010,母婴玩具,SKU-658010,58.09,108.48,160,36,上架
1885579,美妆个护-商品5579,美妆个护,SKU-885579,174.88,276.86,81,15,上架
493889,数码家电-商品3889,数码家电,SKU-493889,309.79,562.49,12,36,上架
408416,美妆个护-商品8416,美妆个护,SKU-408416,125.76,257.78,86,17,上架
2723610,运动户外-商品3610,运动户外,SKU-723610,105.13,197.75,304,35,上架
4225140,数码家电-商品5140,数码家电,SKU-225140,341.74,668.27,181,19,上架
3810114,数码家电-商品0114,数码家电,SKU-810114,61.89,130.01,432,17,上架
4025592,服饰鞋包-商品5592,服饰鞋包,SKU-025592,28.25,50.47,183,24,上架
1170152,食品生鲜-商品0152,食品生鲜,SKU-170152,17.18,36.01,239,37,上架
4829704,家居日用-商品9704,家居日用,SKU-829704,56.82,110.33,189,28,上架
4423671,服饰鞋包-商品3671,服饰鞋包,SKU-423671,40.55,75.59,402,27,上架
3479834,食品生鲜-商品9834,食品生鲜,SKU-479834,43.85,67.52,403,27,上架
264892,运动户外-商品4892,运动户外,SKU-264892,73.63,132.95,154,33,上架
5096542,家居日用-商品6542,家居日用,SKU-096542,72.41,151.74,467,28,上架
3859115,服饰鞋包-商品9115,服饰鞋包,SKU-859115,53.34,94.23,340,30,上架
1085601,运动户外-商品5601,运动户外,SKU-085601,54.84,104.36,385,25,上架
2573625,数码家电-商品3625,数码家电,SKU-573625,525.23,865.35,229,35,上架
3894449,图书文创-商品4449,图书文创,SKU-894449,8.7,14.64,263,39,上架
2937005,家居日用-商品7005,家居日用,SKU-937005,68.84,115.28,32,22,上架
1138,图书文创-商品1138,图书文创,SKU-1138,33.1,59.28,370,32,上架
4734468,母婴玩具-商品4468,母婴玩具,SKU-734468,121.23,192.36,131,21,上架
4861832,运动户外-商品1832,运动户外,SKU-861832,78.14,127.7,481,20,上架
4696642,美妆个护-商品6642,美妆个护,SKU-696642,141.9,276.77,248,27,上架
3105552,家居日用-商品5552,家居日用,SKU-105552,28.05,53.28,11,20,上架
1874701,美妆个护-商品4701,美妆个护,SKU-874701,150.38,256.35,32,35,上架
3591000,运动户外-商品1000,运动户外,SKU-591000,185.8,308.75,172,27,上架
83407,数码家电-商品3407,数码家电,SKU-83407,121.58,236.72,224,18,上架
2427221,食品生鲜-商品7221,食品生鲜,SKU-427221,50.29,80.75,302,38,上架
2772996,数码家电-商品2996,数码家电,SKU-772996,348.67,626.8,95,22,上架
3647361,数码家电-商品7361,数码家电,SKU-647361,321.7,622.53,295,37,上架
2082917,服饰鞋包-商品2917,服饰鞋包,SKU-082917,58.61,127.07,390,23,上架
3399022,家居日用-商品9022,家居日用,SKU-399022,72.08,125.82,237,32,上架
74694,服饰鞋包-商品4694,服饰鞋包,SKU-74694,71.5,110.53,311,19,上架
4038595,服饰鞋包-商品8595,服饰鞋包,SKU-038595,39.96,68.33,431,37,上架
2991383,美妆个护-商品1383,美妆个护,SKU-991383,156.96,290.41,2,27,上架
403950,美妆个护-商品3950,美妆个护,SKU-403950,125.41,257.96,423,34,上架
297742,美妆个护-商品7742,美妆个护,SKU-297742,122.87,235.15,181,38,上架
829406,食品生鲜-商品9406,食品生鲜,SKU-829406,53.21,97.99,394,23,上架
4756124,食品生鲜-商品6124,食品生鲜,SKU-756124,53.02,90.6,314,17,上架
1124197,美妆个护-商品4197,美妆个护,SKU-124197,18.73,30.03,194,23,上架
2961815,食品生鲜-商品1815,食品生鲜,SKU-961815,36.05,58.63,43,16,上架
809904,食品生鲜-商品9904,食品生鲜,SKU-809904,24.67,45.93,250,31,上架
2300837,母婴玩具-商品0837,母婴玩具,SKU-300837,61.19,110.98,403,20,上架
4651506,家居日用-商品1506,家居日用,SKU-651506,11.54,19.41,467,39,上架
3810700,图书文创-商品0700,图书文创,SKU-810700,17.79,30.72,281,35,上架
2843480,服饰鞋包-商品3480,服饰鞋包,SKU-843480,43.31,71.3,203,30,上架
426069,运动户外-商品6069,运动户外,SKU-426069,97.5,169.78,195,32,上架
685256,运动户外-商品5256,运动户外,SKU-685256,77.14,151.17,62,28,上架
3714066,图书文创-商品4066,图书文创,SKU-714066,27.88,50.45,59,21,上架
4472496,家居日用-商品2496,家居日用,SKU-472496,13.43,28.18,491,21,上架
4708909,数码家电-商品8909,数码家电,SKU-708909,171.73,308.14,216,15,上架
2086383,食品生鲜-商品6383,食品生鲜,SKU-086383,11.4,24.32,455,18,上架
3813288,美妆个护-商品3288,美妆个护,SKU-813288,141.17,274.4,172,17,上架
3177758,图书文创-商品7758,图书文创,SKU-177758,10.33,16.35,0,16,上架
3941700,食品生鲜-商品1700,食品生鲜,SKU-941700,19.03,34.1,183,21,上架
2207862,母婴玩具-商品7862,母婴玩具,SKU-207862,53.1,112.33,426,23,上架
1019048,数码家电-商品9048,数码家电,SKU-019048,282.78,499.74,204,28,上架
1088354,数码家电-商品8354,数码家电,SKU-088354,80.66,163.59,408,32,上架
623941,服饰鞋包-商品3941,服饰鞋包,SKU-623941,67.3,138.71,286,21,上架
1639079,图书文创-商品9079,图书文创,SKU-639079,7.91,16.73,16,25,上架
836633,美妆个护-商品6633,美妆个护,SKU-836633,132.06,273.89,335,15,上架
4450194,食品生鲜-商品0194,食品生鲜,SKU-450194,18.51,30.86,71,38,上架
3265711,图书文创-商品5711,图书文创,SKU-265711,28.51,51.51,149,16,上架
4657130,家居日用-商品7130,家居日用,SKU-657130,45.97,88.27,475,24,上架
3466280,家居日用-商品6280,家居日用,SKU-466280,80.04,128.44,413,35,上架
4455901,图书文创-商品5901,图书文创,SKU-455901,16.23,26.53,251,22,上架
1824669,母婴玩具-商品4669,母婴玩具,SKU-824669,102.54,180.18,371,27,上架
3544531,服饰鞋包-商品4531,服饰鞋包,SKU-544531,26.82,47.7,202,24,上架
2874693,母婴玩具-商品4693,母婴玩具,SKU-874693,85.23,136.93,184,24,上架
2491719,服饰鞋包-商品1719,服饰鞋包,SKU-491719,56.12,88.13,135,34,上架
1578231,母婴玩具-商品8231,母婴玩具,SKU-578231,52.75,96.47,245,15,上架
1064040,母婴玩具-商品4040,母婴玩具,SKU-064040,59.82,113.81,165,39,上架
5132125,家居日用-商品2125,家居日用,SKU-132125,75.44,139.74,227,38,上架
3189020,食品生鲜-商品9020,食品生鲜,SKU-189020,31.34,61.5,1,15,上架
3256257,数码家电-商品6257,数码家电,SKU-256257,327.54,542.89,30,37,上架
2187255,食品生鲜-商品7255,食品生鲜,SKU-187255,32.3,70.56,212,30,上架
4157984,运动户外-商品7984,运动户外,SKU-157984,48.96,79.84,379,16,上架
325313,数码家电-商品5313,数码家电,SKU-325313,359.64,689.45,147,28,上架
849843,数码家电-商品9843,数码家电,SKU-849843,417.86,746.59,115,29,上架
1327049,运动户外-商品7049,运动户外,SKU-327049,136.97,291.76,1,23,上架
2635552,家居日用-商品5552,家居日用,SKU-635552,20.68,37.8,231,36,上架
3377603,食品生鲜-商品7603,食品生鲜,SKU-377603,29.96,57.69,289,20,上架
886855,图书文创-商品6855,图书文创,SKU-886855,40.39,66.52,271,16,上架
4530927,母婴玩具-商品0927,母婴玩具,SKU-530927,52.08,112.73,402,31,上架
2730450,运动户外-商品0450,运动户外,SKU-730450,162.85,289.53,26,28,上架
1454515,美妆个护-商品4515,美妆个护,SKU-454515,61.43,95.07,312,16,上架
1958664,美妆个护-商品8664,美妆个护,SKU-958664,139.7,273.53,329,24,上架
4181367,图书文创-商品1367,图书文创,SKU-181367,31.52,60.25,110,25,上架
46448,家居日用-商品6448,家居日用,SKU-46448,40.32,87.58,120,35,上架
467478,图书文创-商品7478,图书文创,SKU-467478,24.9,48.29,23,20,上架
509231,食品生鲜-商品9231,食品生鲜,SKU-509231,50.13,90.79,234,37,上架
2867550,美妆个护-商品7550,美妆个护,SKU-867550,127.59,277.83,349,18,上架
815698,美妆个护-商品5698,美妆个护,SKU-815698,23.5,39.98,283,34,上架
2457468,食品生鲜-商品7468,食品生鲜,SKU-457468,8.32,13.21,368,28,上架
1639543,服饰鞋包-商品9543,服饰鞋包,SKU-639543,57.93,97.13,351,39,上架
2815020,数码家电-商品5020,数码家电,SKU-815020,133.21,243.95,17,24,上架
3186873,运动户外-商品6873,运动户外,SKU-186873,160.62,349.51,349,27,上架
1035067,数码家电-商品5067,数码家电,SKU-035067,392.92,686.38,268,36,上架
539097,美妆个护-商品9097,美妆个护,SKU-539097,99.33,189.57,433,17,上架
3160468,数码家电-商品0468,数码家电,SKU-160468,152.76,337.9,485,16,上架
3923849,食品生鲜-商品3849,食品生鲜,SKU-923849,35.46,76.85,18,38,上架
5129919,图书文创-商品9919,图书文创,SKU-129919,9.85,21.18,456,37,上架
562991,服饰鞋包-商品2991,服饰鞋包,SKU-562991,76.22,131.66,287,22,上架
3024767,美妆个护-商品4767,美妆个护,SKU-024767,80.49,171.12,79,24,上架
